==========Continuous Reception Mode Start==========
HDOK	PLOK	17472	1	1	-129	-13	11	2	33	-116 -117 -115 -118 -119 -117 -116 -119 -118 -117 -117 -117 -119 -118 -117 -117 -116 -117 -117 -118 -118 -117 -118 -118 -116 -116 -116 -116 -118 -116 -119 -119 -116 
HDOK	PLOK	17472	2	2	-131	-15	11	2	33	-116 -118 -117 -116 -116 -119 -101 -117 -117 -118 -118 -118 -118 -117 -118 -118 -117 -116 -118 -117 -116 -118 -118 -118 -116 -118 -117 -117 -118 -118 -117 -119 -118 
HDOK	PLOK	17472	3	3	-129	-13	11	2	33	-115 -117 -119 -118 -117 -118 -119 -117 -115 -118 -117 -117 -117 -118 -117 -117 -117 -116 -117 -115 -117 -117 -117 -117 -117 -117 -116 -116 -118 -116 -117 -117 -119 
HDOK	PLOK	17472	4	4	-129	-13	11	2	33	-116 -116 -117 -113 -117 -116 -118 -117 -118 -116 -117 -117 -118 -118 -118 -117 -117 -118 -117 -119 -117 -115 -116 -118 -118 -115 -118 -118 -117 -116 -117 -117 -118 
HDOK	PLOK	17472	5	5	-131	-15	11	2	33	-115 -116 -116 -116 -118 -117 -118 -116 -118 -118 -118 -118 -116 -117 -117 -118 -119 -118 -116 -117 -116 -117 -117 -117 -116 -118 -117 -117 -118 -118 -117 -117 -121 
HDOK	PLOK	17472	6	6	-130	-14	11	2	33	-116 -116 -118 -118 -117 -118 -117 -117 -117 -117 -118 -118 -117 -118 -117 -117 -115 -117 -116 -118 -117 -117 -117 -117 -116 -117 -118 -117 -117 -117 -117 -116 -117 
HDOK	PLOK	17472	7	7	-129	-13	11	2	33	-117 -116 -117 -116 -118 -117 -118 -118 -117 -115 -118 -118 -119 -115 -116 -118 -117 -117 -118 -115 -116 -116 -118 -117 -116 -118 -116 -117 -117 -118 -116 -117 -116 
HDOK	PLOK	17472	8	8	-129	-13	11	2	33	-115 -118 -118 -118 -115 -118 -117 -119 -116 -117 -118 -117 -118 -118 -116 -117 -117 -117 -115 -117 -117 -118 -117 -116 -117 -116 -117 -118 -116 -118 -118 -118 -115 
HDOK	PLOK	17472	9	9	-128	-12	11	2	33	-117 -118 -117 -116 -117 -115 -117 -117 -117 -117 -115 -118 -118 -116 -118 -118 -118 -118 -117 -118 -117 -116 -118 -118 -116 -124 -118 -117 -117 -117 -117 -115 -113 
HDOK	PLOK	17472	10	10	-130	-14	11	2	33	-117 -117 -117 -118 -118 -116 -117 -119 -117 -118 -118 -117 -117 -117 -116 -116 -118 -117 -116 -118 -117 -118 -116 -117 -118 -117 -113 -117 -119 -117 -117 -115 -117 
HDOK	PLOK	17472	11	11	-131	-14	11	2	33	-117 -117 -117 -116 -116 -117 -116 -117 -118 -118 -118 -117 -117 -115 -118 -117 -118 -115 -117 -116 -115 -118 -117 -118 -117 -116 -115 -118 -118 -116 -117 -117 -117 
HDOK	PLOK	17472	12	12	-128	-12	11	2	33	-116 -116 -118 -115 -117 -119 -117 -116 -116 -116 -116 -116 -118 -116 -116 -116 -117 -117 -118 -117 -117 -117 -116 -118 -118 -116 -116 -116 -116 -119 -118 -117 -116 
HDOK	PLOK	17472	13	13	-131	-15	11	2	33	-113 -117 -115 -117 -117 -118 -116 -115 -118 -118 -117 -117 -117 -118 -117 -118 -119 -117 -116 -118 -119 -119 -117 -118 -117 -116 -118 -117 -116 -118 -117 -118 -119 
HDOK	PLOK	17472	14	14	-130	-13	11	2	33	-116 -117 -118 -117 -117 -118 -117 -118 -118 -118 -119 -115 -117 -117 -118 -116 -117 -118 -118 -117 -119 -117 -116 -118 -117 -118 -117 -117 -116 -118 -117 -117 -117 
HDOK	PLOK	17472	15	15	-128	-12	11	2	33	-118 -116 -117 -119 -118 -117 -118 -117 -115 -117 -117 -132 -118 -117 -116 -117 -117 -118 -118 -115 -118 -118 -116 -117 -116 -116 -118 -118 -117 -118 -116 -118 -117 
HDOK	PLOK	17472	16	16	-129	-13	11	2	33	-115 -116 -116 -116 -118 -117 -117 -117 -118 -118 -117 -117 -117 -115 -116 -119 -116 -118 -117 -118 -117 -119 -117 -116 -117 -115 -117 -116 -118 -118 -113 -118 -116 
HDOK	PLOK	17472	17	17	-128	-12	11	2	33	-116 -116 -117 -117 -117 -118 -118 -118 -116 -116 -117 -117 -117 -118 -117 -117 -117 -116 -117 -117 -117 -117 -118 -117 -117 -117 -117 -116 -117 -115 -115 -117 -118 
HDOK	PLOK	17472	18	18	-128	-12	11	2	33	-116 -116 -118 -118 -117 -118 -117 -117 -117 -119 -117 -119 -116 -116 -117 -117 -118 -117 -117 -118 -116 -117 -119 -119 -117 -116 -117 -117 -116 -118 -118 -118 -118 
HDOK	PLOK	17472	19	19	-130	-14	11	2	33	-116 -117 -118 -116 -117 -119 -118 -118 -118 -117 -117 -116 -117 -118 -117 -117 -118 -117 -118 -119 -118 -116 -119 -118 -118 -119 -117 -117 -115 -118 -118 -117 -119 
HDOK	PLOK	17472	20	20	-126	-10	11	2	33	-117 -117 -117 -119 -117 -118 -118 -118 -118 -117 -117 -117 -116 -117 -117 -115 -118 -117 -116 -117 -117 -117 -119 -116 -117 -117 -114 -118 -116 -116 -117 -117 -117 
HDOK	PLOK	17472	21	21	-129	-13	11	2	33	-117 -116 -116 -117 -117 -117 -117 -119 -113 -116 -117 -118 -117 -117 -117 -119 -113 -116 -116 -116 -118 -118 -117 -116 -117 -117 -117 -116 -115 -118 -117 -117 -118 
HDOK	PLOK	17472	22	22	-129	-13	11	2	33	-117 -118 -116 -118 -116 -117 -117 -117 -118 -116 -114 -117 -116 -118 -117 -117 -116 -118 -117 -115 -117 -118 -118 -117 -117 -117 -117 -117 -116 -117 -118 -119 -118 
HDOK	PLOK	17472	23	23	-131	-14	11	2	33	-117 -116 -118 -117 -117 -117 -117 -116 -118 -116 -117 -117 -117 -117 -118 -116 -118 -117 -115 -117 -117 -116 -118 -117 -117 -118 -118 -119 -117 -116 -117 -117 -117 
HDOK	PLOK	17472	24	24	-130	-13	11	2	33	-117 -117 -117 -117 -117 -118 -118 -118 -116 -118 -117 -118 -117 -118 -116 -117 -117 -116 -118 -118 -118 -119 -117 -117 -118 -116 -118 -119 -118 -117 -118 -116 -118 
HDOK	PLOK	17472	25	25	-129	-13	11	2	33	-118 -118 -117 -116 -116 -116 -117 -117 -118 -117 -116 -117 -118 -117 -118 -118 -116 -118 -117 -117 -117 -117 -117 -116 -117 -117 -116 -116 -116 -117 -117 -115 -117 
HDOK	PLOK	17472	26	26	-130	-13	11	2	33	-115 -118 -119 -117 -118 -117 -115 -116 -118 -117 -116 -118 -117 -118 -118 -117 -118 -118 -115 -117 -117 -117 -113 -118 -117 -116 -118 -116 -118 -118 -118 -117 -124 
HDOK	PLOK	17472	27	27	-129	-13	11	2	33	-117 -117 -116 -116 -117 -118 -118 -118 -116 -116 -115 -117 -117 -119 -117 -117 -118 -116 -117 -119 -117 -116 -117 -115 -117 -118 -119 -118 -116 -118 -118 -117 -117 
HDOK	PLOK	17472	28	28	-128	-12	11	2	33	-117 -117 -118 -117 -117 -118 -117 -117 -117 -116 -116 -116 -118 -117 -118 -117 -115 -118 -117 -118 -118 -116 -116 -117 -117 -117 -118 -119 -116 -117 -118 -118 -117 
HDOK	PLOK	17472	29	29	-130	-13	11	2	33	-115 -117 -118 -116 -118 -117 -132 -116 -116 -118 -115 -117 -117 -118 -118 -117 -118 -117 -116 -117 -117 -116 -118 -118 -116 -117 -117 -117 -117 -118 -115 -117 -118 
HDOK	PLOK	17472	30	30	-129	-13	11	2	33	-116 -117 -116 -117 -118 -118 -118 -118 -117 -118 -117 -116 -118 -118 -116 -117 -117 -117 -117 -118 -116 -117 -117 -117 -115 -118 -116 -117 -117 -117 -118 -116 -117 
HDOK	PLOK	17472	31	31	-129	-12	11	2	33	-118 -117 -117 -117 -117 -117 -118 -116 -117 -116 -118 -118 -116 -117 -117 -116 -118 -117 -116 -117 -117 -117 -118 -117 -116 -117 -116 -117 -117 -116 -116 -117 -116 
HDOK	PLOK	17472	32	32	-128	-12	11	2	33	-117 -118 -117 -116 -117 -117 -116 -117 -117 -117 -117 -119 -116 -118 -118 -117 -118 -117 -117 -116 -118 -118 -117 -117 -117 -118 -117 -117 -118 -118 -118 -117 -120 
HDOK	PLOK	17472	33	33	-128	-12	11	2	33	-117 -117 -118 -118 -117 -118 -118 -116 -116 -118 -116 -116 -117 -117 -119 -117 -117 -116 -117 -118 -118 -117 -116 -117 -118 -117 -117 -118 -118 -117 -116 -119 -117 
HDOK	PLOK	17472	34	34	-129	-13	11	2	33	-117 -116 -117 -117 -115 -117 -109 -117 -116 -118 -116 -118 -118 -116 -117 -118 -117 -116 -118 -117 -116 -117 -117 -117 -117 -118 -117 -118 -117 -116 -117 -117 -119 
HDOK	PLOK	17472	35	35	-127	-11	11	2	33	-117 -118 -117 -119 -116 -117 -118 -117 -118 -117 -117 -117 -118 -118 -121 -116 -118 -117 -118 -119 -118 -117 -118 -116 -117 -117 -117 -119 -116 -116 -115 -118 -117 
HDOK	PLOK	17472	36	36	-128	-12	11	2	33	-116 -116 -118 -117 -115 -117 -117 -119 -118 -116 -117 -116 -117 -118 -117 -118 -116 -117 -118 -118 -118 -118 -119 -116 -118 -117 -118 -118 -118 -117 -117 -116 -117 
HDOK	PLOK	17472	37	37	-129	-13	11	2	33	-116 -117 -117 -116 -118 -116 -115 -117 -118 -117 -116 -118 -118 -117 -118 -118 -118 -117 -117 -117 -117 -116 -117 -117 -117 -118 -116 -117 -116 -116 -117 -118 -117 
HDOK	PLOK	17472	38	38	-128	-12	11	2	33	-117 -117 -118 -117 -117 -116 -118 -116 -116 -118 -117 -118 -115 -116 -118 -118 -117 -117 -118 -116 -117 -118 -119 -118 -118 -117 -118 -117 -117 -118 -117 -117 -117 
HDOK	PLOK	17472	39	39	-129	-13	11	2	33	-117 -115 -116 -116 -118 -121 -116 -117 -119 -117 -117 -117 -118 -117 -117 -118 -118 -118 -117 -116 -119 -117 -117 -118 -115 -118 -117 -119 -117 -117 -117 -116 -118 
HDOK	PLOK	17472	40	40	-128	-12	11	2	33	-117 -120 -119 -117 -116 -116 -118 -119 -118 -117 -117 -118 -117 -116 -117 -118 -116 -117 -118 -118 -116 -118 -115 -118 -118 -118 -117 -116 -119 -117 -117 -116 -118 
HDOK	PLOK	17472	41	41	-130	-14	11	2	33	-117 -117 -118 -118 -115 -117 -117 -117 -116 -117 -116 -117 -117 -117 -117 -116 -118 -116 -117 -117 -118 -117 -118 -118 -119 -118 -116 -118 -116 -116 -118 -116 -115 
HDOK	PLOK	17472	42	42	-130	-14	11	2	33	-116 -118 -117 -117 -117 -118 -118 -118 -117 -116 -117 -116 -118 -116 -119 -116 -116 -116 -117 -118 -121 -118 -118 -119 -116 -115 -118 -117 -116 -116 -117 -118 -117 
HDOK	PLOK	17472	43	43	-129	-13	11	2	33	-115 -118 -116 -117 -118 -118 -116 -116 -119 -116 -118 -117 -117 -117 -116 -119 -117 -115 -117 -117 -117 -116 -118 -118 -116 -117 -117 -117 -117 -115 -117 -116 -118 
HDOK	PLOK	17472	44	44	-129	-13	11	2	33	-115 -116 -117 -118 -117 -116 -118 -118 -118 -116 -118 -117 -117 -117 -119 -132 -116 -117 -117 -117 -115 -119 -118 -117 -118 -116 -117 -117 -116 -117 -118 -118 -118 
HDOK	PLOK	17472	45	45	-129	-13	11	2	33	-117 -117 -118 -117 -116 -117 -117 -118 -116 -117 -118 -116 -117 -117 -116 -117 -117 -118 -117 -117 -117 -117 -118 -117 -118 -117 -115 -117 -118 -117 -116 -116 -118 
HDOK	PLOK	17472	46	46	-129	-13	11	2	33	-117 -118 -118 -114 -118 -117 -117 -118 -117 -118 -116 -117 -116 -117 -117 -116 -118 -116 -117 -116 -119 -117 -116 -117 -117 -116 -118 -117 -118 -116 -118 -118 -117 
HDOK	PLOK	17472	47	47	-129	-13	11	2	33	-118 -117 -118 -117 -117 -116 -118 -118 -117 -116 -117 -118 -117 -116 -118 -117 -118 -118 -118 -115 -117 -118 -118 -118 -117 -119 -118 -117 -118 -118 -117 -118 -117 
HDOK	PLOK	17472	48	48	-129	-13	11	2	33	-115 -116 -118 -117 -117 -116 -117 -117 -117 -118 -118 -118 -109 -116 -118 -118 -117 -116 -117 -117 -116 -117 -118 -117 -117 -117 -119 -117 -116 -118 -118 -116 -116 
HDOK	PLOK	17472	49	49	-129	-13	11	2	33	-117 -117 -116 -116 -117 -118 -116 -116 -117 -117 -116 -116 -117 -119 -116 -117 -116 -116 -117 -116 -116 -117 -117 -118 -117 -117 -117 -117 -117 -116 -118 -118 -117 
HDOK	PLOK	17472	50	50	-130	-14	11	2	33	-116 -115 -118 -117 -117 -119 -116 -117 -119 -116 -118 -116 -118 -118 -118 -116 -119 -118 -117 -118 -118 -116 -117 -117 -118 -117 -117 -118 -116 -117 -117 -118 -117 
