==========Continuous Reception Mode Start==========
HDOK	PLOK	17472	1	1	-100	7	10	2	29	-103 -98 -96 -96 -105 -97 -96 -96 -98 -96 -96 -103 -99 -98 -98 -99 -107 -103 -99 -100 -100 -100 -105 -100 -109 -106 -104 -101 -100 
HDOK	PLOK	17472	2	2	-92	8	10	2	29	-101 -95 -96 -97 -104 -103 -103 -102 -103 -102 -105 -100 -99 -98 -96 -101 -100 -101 -94 -93 -93 -93 -93 -91 -90 -93 -90 -89 -94 
HDOK	PLOK	17472	3	3	-104	7	10	2	29	-111 -105 -105 -105 -113 -106 -105 -104 -105 -103 -103 -103 -103 -102 -101 -103 -109 -107 -102 -103 -102 -102 -106 -102 -105 -109 -105 -104 -107 
HDOK	PLOK	17472	4	4	-100	6	10	2	29	-105 -99 -100 -103 -104 -103 -101 -100 -99 -99 -107 -99 -99 -101 -99 -101 -102 -107 -99 -99 -100 -99 -99 -100 -100 -101 -99 -99 -99 
HDOK	PLOK	17472	5	5	-100	6	10	2	29	-105 -98 -97 -98 -106 -100 -98 -98 -99 -98 -99 -99 -98 -99 -98 -99 -106 -103 -99 -98 -98 -98 -101 -99 -100 -104 -101 -99 -103 
HDOK	PLOK	17472	6	6	-95	9	10	2	29	-102 -95 -97 -98 -101 -99 -98 -95 -95 -95 -103 -95 -95 -95 -95 -101 -99 -101 -94 -94 -95 -94 -95 -94 -93 -97 -95 -94 -94 
HDOK	PLOK	17472	7	7	-96	8	10	2	29	-101 -96 -96 -96 -105 -97 -95 -95 -96 -95 -95 -96 -95 -95 -95 -96 -103 -101 -95 -95 -95 -95 -98 -95 -96 -100 -97 -95 -95 
HDOK	PLOK	17472	8	8	-96	8	10	2	29	-103 -95 -96 -95 -103 -97 -95 -95 -96 -95 -96 -95 -95 -95 -95 -96 -103 -101 -95 -95 -96 -95 -99 -96 -96 -100 -97 -96 -100 
HDOK	PLOK	17472	9	9	-96	9	10	2	29	-101 -95 -97 -96 -101 -99 -98 -95 -95 -95 -101 -95 -95 -96 -95 -103 -100 -103 -95 -95 -96 -95 -97 -96 -95 -99 -96 -95 -95 
HDOK	PLOK	17472	10	10	-96	8	10	2	29	-101 -95 -98 -100 -100 -99 -98 -95 -95 -95 -105 -95 -95 -99 -95 -97 -99 -105 -95 -95 -97 -95 -96 -96 -97 -99 -95 -95 -105 
HDOK	PLOK	17472	11	11	-96	8	10	2	29	-101 -95 -97 -97 -101 -99 -98 -95 -95 -95 -101 -95 -95 -96 -95 -103 -100 -103 -95 -95 -96 -95 -97 -95 -96 -98 -97 -95 -103 
HDOK	PLOK	17472	12	12	-96	8	10	2	29	-103 -95 -95 -95 -101 -96 -95 -97 -98 -95 -95 -103 -105 -95 -95 -96 -103 -98 -96 -99 -95 -98 -103 -95 -130 -103 -100 -99 -95 
HDOK	PLOK	17472	13	13	-96	8	10	2	29	-101 -98 -95 -95 -101 -96 -95 -96 -98 -95 -95 -105 -103 -95 -95 -96 -103 -98 -96 -99 -96 -98 -103 -95 -98 -105 -101 -98 -97 
HDOK	PLOK	17472	14	14	-94	7	10	2	29	-97 -92 -94 -93 -101 -96 -95 -95 -96 -96 -98 -98 -98 -97 -96 -97 -103 -101 -94 -93 -94 -93 -95 -93 -93 -97 -93 -93 -92 
HDOK	PLOK	17472	15	15	-106	5	10	2	29	-100 -94 -97 -96 -103 -100 -100 -100 -101 -102 -107 -106 -107 -112 -112 -118 -117 -117 -110 -107 -107 -107 -107 -106 -105 -110 -107 -105 -104 
HDOK	PLOK	17472	16	16	-104	6	10	2	29	-104 -99 -99 -100 -107 -100 -100 -99 -101 -99 -100 -103 -101 -101 -101 -103 -111 -107 -104 -104 -105 -105 -110 -105 -112 -112 -108 -107 -106 
HDOK	PLOK	17472	17	17	-116	-3	10	2	29	-109 -104 -105 -105 -113 -109 -108 -111 -111 -112 -112 -113 -113 -113 -114 -114 -117 -117 -117 -117 -117 -117 -118 -117 -117 -117 -116 -113 -115 
HDOK	PLOK	17472	18	18	-94	6	10	2	29	-98 -93 -93 -92 -100 -94 -92 -93 -93 -93 -93 -93 -93 -93 -94 -94 -101 -99 -93 -93 -94 -93 -98 -94 -95 -100 -96 -94 -94 
HDOK	PLOK	17472	19	19	-95	8	10	2	29	-101 -95 -95 -95 -103 -96 -95 -96 -97 -96 -95 -100 -97 -95 -96 -96 -103 -99 -95 -95 -95 -95 -100 -95 -105 -101 -99 -95 -94 
HDOK	PLOK	17472	20	20	-94	7	10	2	29	-104 -98 -99 -100 -104 -100 -100 -97 -97 -96 -99 -95 -95 -95 -95 -99 -99 -103 -93 -93 -94 -94 -95 -93 -93 -96 -93 -93 -99 
HDOK	PLOK	17472	21	21	-92	8	10	2	29	-97 -90 -91 -91 -97 -93 -93 -91 -91 -90 -93 -91 -91 -91 -90 -99 -96 -99 -89 -90 -91 -90 -93 -91 -91 -94 -93 -91 -91 
HDOK	PLOK	17472	22	22	-101	7	10	2	29	-104 -98 -98 -98 -106 -100 -99 -99 -99 -99 -100 -99 -99 -100 -100 -101 -107 -107 -101 -99 -100 -99 -103 -100 -100 -105 -102 -101 -105 
HDOK	PLOK	17472	23	23	-99	7	10	2	29	-100 -94 -94 -94 -101 -95 -94 -94 -95 -95 -95 -97 -96 -95 -95 -96 -105 -101 -97 -97 -98 -98 -102 -98 -106 -106 -103 -99 -101 
HDOK	PLOK	17472	24	24	-108	5	10	2	29	-107 -101 -101 -102 -109 -105 -105 -103 -104 -104 -106 -104 -106 -106 -106 -109 -111 -113 -106 -107 -107 -108 -109 -108 -108 -113 -112 -111 -111 
HDOK	PLOK	17472	25	25	-94	8	10	2	29	-99 -93 -92 -92 -99 -92 -89 -93 -95 -93 -93 -103 -100 -93 -93 -94 -101 -97 -94 -95 -94 -95 -100 -94 -99 -101 -100 -96 -93 
HDOK	PLOK	17472	26	26	-98	8	10	2	29	-105 -98 -99 -99 -103 -98 -99 -97 -97 -97 -103 -97 -97 -98 -97 -103 -101 -105 -96 -96 -97 -96 -98 -96 -96 -98 -97 -96 -101 
HDOK	PLOK	17472	27	27	-96	8	10	2	29	-101 -95 -97 -96 -105 -96 -96 -95 -96 -95 -95 -95 -95 -95 -95 -96 -103 -101 -95 -95 -96 -96 -100 -96 -98 -116 -99 -97 -100 
HDOK	PLOK	17472	28	28	-96	8	10	2	29	-101 -96 -97 -96 -101 -96 -98 -95 -96 -95 -101 -95 -95 -97 -96 -105 -101 -105 -98 -96 -96 -95 -97 -95 -95 -97 -95 -95 -94 
HDOK	PLOK	17472	29	29	-95	7	10	2	29	-103 -98 -97 -97 -105 -96 -97 -97 -98 -96 -95 -105 -94 -95 -95 -94 -103 -97 -94 -95 -93 -95 -100 -94 -97 -101 -99 -95 -95 
HDOK	PLOK	17472	30	30	-94	9	10	2	29	-101 -94 -95 -95 -101 -94 -96 -94 -95 -93 -98 -94 -94 -95 -94 -101 -99 -103 -94 -94 -95 -94 -96 -94 -94 -96 -95 -94 -94 
HDOK	PLOK	17472	31	31	-94	6	10	2	29	-99 -93 -93 -93 -100 -93 -94 -93 -93 -93 -94 -93 -93 -93 -93 -95 -99 -100 -93 -94 -94 -94 -95 -94 -93 -96 -95 -93 -94 
HDOK	PLOK	17472	32	32	-95	9	10	2	29	-95 -95 -95 -95 -105 -95 -95 -95 -96 -95 -95 -96 -95 -95 -95 -95 -103 -100 -95 -95 -94 -94 -98 -95 -96 -98 -97 -96 -98 
HDOK	PLOK	17472	33	33	-94	6	10	2	29	-99 -93 -94 -94 -101 -94 -95 -94 -93 -94 -95 -93 -93 -94 -94 -95 -99 -101 -93 -93 -94 -93 -96 -94 -93 -95 -95 -93 -97 
HDOK	PLOK	17472	34	34	-95	8	10	2	29	-98 -94 -93 -94 -100 -93 -94 -94 -95 -93 -93 -103 -100 -93 -94 -95 -103 -97 -95 -97 -95 -97 -101 -95 -98 -103 -100 -97 -95 
HDOK	PLOK	17472	35	35	-93	7	10	2	29	-99 -93 -95 -95 -99 -94 -95 -93 -94 -93 -100 -93 -94 -94 -94 -101 -98 -108 -93 -93 -93 -93 -94 -93 -92 -94 -93 -93 -93 
HDOK	PLOK	17472	36	36	-96	9	10	2	29	-101 -94 -95 -103 -99 -94 -98 -94 -95 -95 -101 -95 -95 -99 -95 -97 -99 -103 -95 -95 -96 -95 -97 -96 -98 -97 -96 -95 -105 
HDOK	PLOK	17472	37	37	-93	7	10	2	29	-99 -94 -94 -94 -99 -94 -97 -93 -93 -93 -103 -93 -93 -95 -93 -96 -96 -100 -93 -92 -93 -92 -93 -92 -93 -93 -93 -93 -92 
HDOK	PLOK	17472	38	38	-95	9	10	2	29	-95 -93 -95 -94 -101 -94 -95 -94 -95 -94 -95 -95 -96 -95 -95 -102 -101 -103 -95 -95 -95 -95 -98 -95 -95 -98 -96 -95 -99 
HDOK	PLOK	17472	39	39	-95	8	10	2	29	-105 -99 -100 -100 -106 -100 -100 -99 -100 -99 -99 -99 -99 -98 -98 -98 -105 -101 -96 -96 -95 -95 -99 -94 -97 -98 -97 -95 -97 
HDOK	PLOK	17472	40	40	-100	6	10	2	29	-103 -97 -96 -97 -106 -97 -98 -97 -98 -98 -99 -98 -99 -99 -99 -100 -106 -105 -99 -99 -99 -99 -103 -100 -101 -103 -102 -101 -100 
HDOK	PLOK	17472	41	41	-95	9	10	2	29	-100 -94 -95 -95 -100 -94 -96 -93 -94 -93 -99 -93 -93 -95 -94 -101 -98 -101 -93 -94 -95 -94 -96 -95 -95 -97 -96 -95 -101 
HDOK	PLOK	17472	42	42	-98	8	10	2	29	-103 -95 -94 -94 -103 -94 -95 -95 -96 -95 -95 -97 -96 -95 -95 -96 -105 -100 -97 -97 -97 -96 -101 -96 -101 -101 -99 -97 -95 
HDOK	PLOK	17472	43	43	-93	8	10	2	29	-95 -89 -90 -89 -99 -89 -91 -90 -91 -90 -92 -91 -92 -93 -93 -95 -100 -101 -95 -95 -95 -96 -96 -94 -93 -93 -93 -92 -90 
HDOK	PLOK	17472	44	44	-100	8	10	2	29	-94 -89 -91 -91 -94 -90 -93 -91 -91 -92 -97 -93 -94 -99 -95 -96 -99 -105 -97 -98 -99 -99 -99 -100 -100 -101 -101 -101 -107 
HDOK	PLOK	17472	45	45	-92	8	10	2	29	-101 -95 -95 -95 -103 -94 -96 -95 -95 -95 -96 -95 -95 -95 -94 -95 -99 -100 -93 -92 -92 -91 -93 -90 -90 -92 -92 -90 -90 
HDOK	PLOK	17472	46	46	-103	7	10	2	29	-106 -101 -100 -99 -106 -99 -99 -99 -100 -99 -99 -106 -102 -100 -101 -102 -109 -106 -104 -105 -105 -105 -108 -103 -112 -107 -104 -101 -102 
HDOK	PLOK	17472	47	47	-100	7	10	2	29	-101 -97 -97 -98 -105 -99 -99 -99 -101 -99 -99 -105 -107 -98 -99 -98 -105 -100 -98 -99 -97 -98 -104 -98 -101 -105 -103 -101 -101 
HDOK	PLOK	17472	48	48	-99	8	10	2	29	-112 -106 -105 -103 -109 -101 -101 -100 -100 -100 -100 -99 -99 -100 -100 -102 -107 -107 -101 -100 -100 -99 -101 -98 -98 -100 -98 -96 -95 
HDOK	PLOK	17472	49	49	-104	7	10	2	29	-117 -108 -106 -103 -107 -100 -100 -98 -97 -96 -98 -95 -95 -95 -95 -99 -101 -103 -96 -96 -99 -99 -103 -103 -105 -109 -110 -108 -107 
HDOK	PLOK	17472	50	50	-98	8	10	2	29	-104 -98 -99 -97 -105 -98 -97 -97 -98 -97 -97 -103 -99 -97 -97 -97 -104 -100 -97 -97 -96 -96 -101 -96 -106 -103 -100 -98 -99 
