==========Continuous Reception Mode Start==========
HDOK	PLOK	17472	1	1	-98	9	11	2	33	-101 -102 -106 -105 -106 -113 -109 -107 -110 -105 -101 -101 -99 -97 -96 -96 -96 -97 -101 -96 -95 -97 -96 -105 -96 -96 -96 -97 -98 -97 -98 -98 -99 
HDOK	PLOK	17472	2	2	-100	8	11	2	33	-106 -98 -100 -97 -97 -105 -100 -99 -101 -99 -99 -99 -99 -99 -99 -99 -100 -100 -104 -99 -99 -101 -100 -109 -100 -99 -99 -103 -100 -99 -98 -106 -100 
HDOK	PLOK	17472	3	3	-103	9	11	2	33	-101 -101 -104 -100 -101 -107 -103 -100 -112 -101 -101 -102 -104 -101 -101 -101 -103 -101 -101 -101 -100 -101 -101 -109 -102 -101 -101 -105 -104 -101 -101 -101 -101 
HDOK	PLOK	17472	4	4	-103	8	11	2	33	-111 -105 -107 -104 -105 -111 -105 -104 -106 -104 -104 -105 -104 -103 -104 -104 -104 -105 -105 -104 -102 -104 -103 -111 -103 -103 -104 -104 -104 -103 -102 -102 -101 
HDOK	PLOK	17472	5	5	-103	8	11	2	33	-101 -101 -103 -100 -104 -109 -102 -99 -101 -100 -100 -103 -101 -102 -103 -103 -104 -104 -109 -102 -102 -103 -102 -111 -101 -101 -102 -104 -106 -105 -104 -107 -103 
HDOK	PLOK	17472	6	6	-104	7	11	2	33	-112 -106 -107 -102 -103 -108 -105 -102 -112 -103 -104 -104 -107 -105 -104 -103 -104 -104 -104 -105 -103 -103 -103 -111 -104 -103 -102 -107 -107 -104 -104 -105 -103 
HDOK	PLOK	17472	7	7	-105	6	11	2	33	-106 -106 -109 -107 -107 -112 -110 -107 -115 -106 -104 -104 -104 -102 -101 -101 -102 -101 -101 -102 -101 -101 -102 -110 -103 -103 -104 -109 -107 -106 -109 -110 -107 
HDOK	PLOK	17472	8	8	-106	6	11	2	33	-113 -110 -110 -109 -115 -113 -105 -110 -112 -112 -113 -115 -117 -114 -113 -111 -107 -109 -113 -105 -105 -106 -104 -111 -103 -104 -104 -105 -105 -106 -106 -107 -110 
HDOK	PLOK	17472	9	9	-101	8	11	2	33	-105 -106 -107 -107 -109 -113 -111 -107 -113 -106 -105 -105 -106 -105 -103 -104 -105 -104 -104 -103 -103 -102 -101 -109 -100 -100 -100 -101 -103 -100 -99 -101 -98 
HDOK	PLOK	17472	10	10	-98	9	11	2	33	-105 -98 -98 -96 -103 -105 -98 -97 -97 -97 -97 -99 -98 -98 -99 -99 -99 -101 -109 -99 -95 -98 -95 -103 -95 -95 -95 -97 -97 -95 -96 -96 -96 
HDOK	PLOK	17472	11	11	-102	9	11	2	33	-99 -99 -101 -99 -99 -106 -101 -98 -109 -99 -99 -99 -101 -99 -99 -101 -102 -103 -103 -101 -101 -101 -102 -109 -101 -100 -100 -103 -101 -101 -102 -101 -101 
HDOK	PLOK	17472	12	12	-100	8	11	2	33	-107 -100 -101 -98 -99 -103 -101 -98 -104 -99 -99 -100 -106 -101 -100 -100 -102 -101 -100 -100 -100 -99 -100 -107 -99 -99 -99 -100 -103 -99 -101 -99 -98 
HDOK	PLOK	17472	13	13	-95	9	11	2	33	-93 -93 -95 -93 -93 -101 -95 -94 -99 -94 -93 -95 -95 -94 -94 -95 -95 -96 -99 -95 -94 -95 -95 -103 -94 -94 -94 -95 -95 -94 -95 -93 -94 
HDOK	PLOK	17472	14	14	-91	9	11	2	33	-100 -92 -93 -91 -92 -99 -92 -90 -93 -89 -89 -90 -90 -89 -89 -90 -91 -93 -93 -91 -90 -91 -90 -100 -90 -90 -92 -93 -91 -90 -90 -90 -90 
HDOK	PLOK	17472	15	15	-94	8	11	2	33	-89 -89 -90 -89 -92 -99 -91 -89 -91 -89 -89 -92 -90 -90 -91 -92 -91 -94 -99 -92 -92 -93 -93 -99 -93 -93 -93 -95 -95 -93 -93 -94 -93 
HDOK	PLOK	17472	16	16	-95	10	11	2	33	-101 -94 -97 -93 -97 -101 -95 -94 -95 -93 -94 -96 -95 -95 -95 -95 -94 -96 -99 -94 -93 -96 -93 -100 -95 -94 -94 -95 -95 -95 -94 -95 -94 
HDOK	PLOK	17472	17	17	-96	10	11	2	33	-93 -93 -96 -93 -96 -103 -97 -94 -96 -94 -94 -95 -95 -95 -95 -95 -95 -98 -105 -95 -95 -97 -95 -103 -95 -95 -95 -96 -97 -95 -95 -101 -103 
HDOK	PLOK	17472	18	18	-100	9	11	2	33	-105 -97 -101 -97 -97 -103 -100 -97 -105 -98 -97 -97 -100 -97 -97 -96 -98 -98 -100 -97 -96 -97 -97 -104 -96 -97 -97 -100 -100 -97 -99 -97 -97 
HDOK	PLOK	17472	19	19	-99	8	11	2	33	-101 -100 -103 -99 -101 -107 -100 -100 -101 -100 -100 -99 -98 -97 -97 -97 -97 -99 -106 -96 -95 -97 -96 -103 -97 -98 -99 -101 -100 -99 -97 -97 -97 
HDOK	PLOK	17472	20	20	-101	8	11	2	33	-106 -98 -100 -97 -98 -104 -100 -97 -105 -97 -98 -99 -99 -99 -99 -100 -101 -102 -106 -100 -99 -99 -99 -107 -100 -100 -100 -101 -102 -101 -102 -106 -101 
HDOK	PLOK	17472	21	21	-100	8	11	2	33	-99 -99 -103 -98 -98 -102 -100 -97 -101 -97 -98 -99 -107 -99 -97 -98 -99 -99 -91 -97 -95 -96 -96 -103 -96 -97 -98 -101 -103 -101 -103 -100 -99 
HDOK	PLOK	17472	22	22	-99	8	11	2	33	-107 -99 -101 -98 -99 -106 -100 -98 -105 -99 -98 -99 -99 -98 -99 -99 -99 -100 -105 -99 -98 -99 -98 -106 -99 -98 -98 -101 -99 -99 -98 -98 -98 
HDOK	PLOK	17472	23	23	-100	8	11	2	33	-98 -98 -101 -98 -99 -106 -100 -97 -101 -98 -98 -99 -99 -98 -98 -98 -99 -99 -106 -99 -98 -99 -98 -106 -98 -97 -98 -100 -100 -97 -97 -98 -98 
HDOK	PLOK	17472	24	24	-99	9	11	2	33	-106 -97 -100 -97 -97 -102 -101 -97 -102 -98 -97 -98 -103 -98 -97 -98 -98 -99 -98 -99 -97 -98 -98 -106 -99 -98 -98 -99 -101 -99 -99 -99 -98 
HDOK	PLOK	17472	25	25	-99	8	11	2	33	-98 -98 -101 -98 -99 -105 -101 -98 -107 -99 -98 -99 -99 -98 -98 -98 -99 -99 -100 -99 -98 -99 -99 -107 -98 -98 -98 -99 -100 -99 -100 -98 -98 
HDOK	PLOK	17472	26	26	-100	8	11	2	33	-104 -98 -100 -98 -98 -104 -100 -98 -109 -98 -98 -99 -100 -98 -98 -98 -99 -99 -99 -99 -98 -98 -99 -106 -98 -98 -98 -101 -100 -99 -97 -104 -98 
HDOK	PLOK	17472	27	27	-100	8	11	2	33	-98 -98 -100 -98 -99 -106 -100 -98 -100 -98 -98 -99 -98 -98 -99 -99 -99 -99 -104 -99 -98 -99 -98 -106 -98 -98 -98 -100 -100 -97 -98 -99 -98 
HDOK	PLOK	17472	28	28	-99	8	11	2	33	-106 -98 -99 -98 -101 -106 -100 -98 -100 -98 -98 -99 -98 -96 -99 -99 -99 -100 -107 -98 -98 -100 -98 -106 -98 -98 -98 -99 -99 -99 -98 -98 -98 
HDOK	PLOK	17472	29	29	-99	8	11	2	33	-98 -98 -100 -98 -105 -105 -100 -98 -99 -98 -98 -99 -98 -99 -98 -99 -99 -101 -109 -98 -98 -99 -98 -105 -98 -98 -98 -99 -99 -98 -98 -103 -98 
HDOK	PLOK	17472	30	30	-100	8	11	2	33	-105 -99 -100 -98 -99 -105 -100 -97 -105 -98 -98 -99 -99 -98 -98 -97 -99 -99 -102 -99 -98 -99 -98 -106 -98 -98 -98 -100 -132 -98 -99 -99 -100 
HDOK	PLOK	17472	31	31	-99	8	11	2	33	-99 -98 -100 -98 -98 -105 -100 -98 -106 -98 -98 -99 -99 -98 -98 -98 -99 -99 -100 -99 -98 -99 -98 -106 -98 -98 -97 -101 -100 -98 -99 -106 -98 
HDOK	PLOK	17472	32	32	-101	7	11	2	33	-105 -97 -100 -97 -97 -98 -101 -98 -109 -99 -99 -99 -101 -100 -99 -100 -100 -101 -101 -101 -100 -101 -100 -107 -100 -99 -100 -103 -101 -100 -100 -100 -101 
HDOK	PLOK	17472	33	33	-107	5	11	2	33	-109 -107 -110 -108 -107 -107 -111 -110 -117 -110 -109 -110 -112 -108 -108 -108 -107 -110 -111 -112 -112 -113 -111 -115 -109 -109 -107 -109 -109 -106 -109 -107 -105 
HDOK	PLOK	17472	34	34	-104	7	11	2	33	-107 -100 -103 -99 -100 -99 -103 -100 -105 -100 -100 -101 -101 -100 -101 -101 -101 -102 -105 -102 -101 -102 -102 -111 -102 -102 -103 -105 -106 -104 -104 -107 -104 
HDOK	PLOK	17472	35	35	-104	6	11	2	33	-105 -106 -109 -105 -106 -104 -107 -105 -108 -104 -104 -104 -109 -104 -104 -105 -106 -106 -105 -107 -104 -104 -104 -110 -104 -103 -103 -105 -104 -105 -104 -110 -105 
HDOK	PLOK	17472	36	36	-102	9	11	2	33	-107 -100 -103 -100 -100 -100 -104 -101 -109 -101 -101 -101 -103 -101 -102 -102 -102 -103 -104 -102 -101 -102 -102 -109 -101 -101 -101 -104 -104 -101 -99 -106 -101 
HDOK	PLOK	17472	37	37	-102	8	11	2	33	-98 -98 -103 -99 -99 -100 -103 -100 -111 -101 -100 -101 -103 -101 -102 -102 -104 -105 -106 -106 -103 -103 -103 -109 -101 -101 -101 -104 -103 -101 -101 -101 -101 
HDOK	PLOK	17472	38	38	-102	9	11	2	33	-110 -102 -105 -101 -102 -100 -102 -100 -103 -100 -100 -102 -101 -101 -101 -101 -101 -103 -112 -101 -101 -101 -101 -107 -101 -101 -101 -101 -102 -101 -103 -111 -101 
HDOK	PLOK	17472	39	39	-101	8	11	2	33	-109 -111 -112 -107 -108 -104 -104 -102 -102 -101 -100 -102 -101 -101 -103 -103 -103 -104 -113 -101 -100 -101 -99 -107 -98 -98 -98 -99 -101 -100 -100 -99 -99 
HDOK	PLOK	17472	40	40	-102	8	11	2	33	-107 -100 -100 -99 -110 -100 -101 -100 -101 -100 -100 -102 -100 -100 -100 -100 -100 -104 -101 -99 -99 -101 -100 -105 -100 -101 -101 -103 -102 -101 -101 -107 -101 
HDOK	PLOK	17472	41	41	-101	8	11	2	33	-99 -99 -101 -99 -101 -100 -102 -101 -104 -102 -101 -103 -102 -101 -101 -102 -101 -103 -109 -100 -99 -100 -99 -106 -100 -100 -100 -102 -101 -100 -99 -99 -97 
HDOK	PLOK	17472	42	42	-105	6	11	2	33	-112 -104 -105 -103 -104 -104 -109 -105 -111 -104 -103 -104 -104 -104 -105 -106 -107 -108 -109 -105 -104 -104 -103 -111 -103 -103 -104 -107 -106 -105 -105 -104 -104 
HDOK	PLOK	17472	43	43	-105	6	11	2	33	-106 -107 -106 -107 -110 -106 -107 -104 -105 -104 -105 -106 -105 -105 -105 -105 -105 -106 -109 -104 -105 -105 -105 -111 -104 -104 -103 -104 -103 -103 -104 -104 -111 
HDOK	PLOK	17472	44	44	-104	7	11	2	33	-111 -102 -106 -102 -103 -102 -106 -102 -111 -102 -102 -103 -105 -104 -103 -102 -104 -105 -105 -104 -104 -105 -104 -110 -103 -103 -102 -106 -105 -103 -105 -104 -105 
HDOK	PLOK	17472	45	45	-101	9	11	2	33	-103 -102 -104 -101 -100 -100 -101 -100 -105 -100 -100 -101 -101 -100 -99 -100 -100 -101 -105 -101 -100 -101 -100 -109 -101 -100 -101 -102 -104 -101 -102 -105 -101 
HDOK	PLOK	17472	46	46	-99	9	11	2	33	-103 -94 -95 -95 -92 -96 -98 -96 -97 -96 -95 -97 -95 -95 -97 -97 -97 -99 -105 -96 -95 -97 -95 -100 -94 -95 -95 -96 -97 -97 -97 -96 -97 
HDOK	PLOK	17472	47	47	-100	8	11	2	33	-95 -94 -95 -95 -101 -96 -100 -99 -100 -100 -99 -101 -100 -100 -101 -101 -101 -103 -103 -99 -100 -101 -99 -106 -100 -101 -101 -101 -100 -100 -98 -98 -101 
HDOK	PLOK	17472	48	48	-101	8	11	2	33	-101 -101 -104 -101 -101 -101 -105 -101 -107 -100 -99 -99 -103 -100 -99 -99 -100 -99 -99 -100 -99 -100 -100 -107 -101 -101 -102 -106 -106 -101 -100 -101 -100 
HDOK	PLOK	17472	49	49	-99	9	11	2	33	-104 -103 -105 -103 -105 -105 -107 -103 -107 -104 -105 -108 -106 -104 -104 -103 -101 -102 -105 -99 -98 -99 -98 -105 -98 -98 -97 -99 -97 -96 -95 -95 -95 
HDOK	PLOK	17472	50	50	-100	8	11	2	33	-112 -108 -110 -108 -111 -109 -108 -105 -109 -107 -107 -107 -107 -105 -104 -105 -104 -106 -110 -106 -105 -105 -103 -109 -101 -99 -99 -100 -99 -97 -97 -96 -98 
