==========Continuous Reception Mode Start==========
HDOK	PLOK	17472	1	1	-100	8	12	2	58	-100 -107 -102 -111 -111 -105 -111 -111 -101 -100 -100 -99 -99 -103 -98 -100 -99 -99 -104 -99 -98 -103 -99 -99 -97 -99 -97 -97 -101 -96 -96 -96 -97 -97 -101 -105 -96 -96 -95 -99 -98 -98 -96 -96 -105 -96 -95 -97 -98 -97 -96 -105 -97 -97 -96 -97 -97 -117 
HDOK	PLOK	17472	2	2	-99	7	12	2	58	-95 -97 -94 -105 -103 -95 -105 -105 -95 -95 -96 -96 -95 -99 -96 -98 -96 -97 -103 -97 -98 -103 -99 -98 -98 -99 -98 -97 -103 -97 -98 -97 -99 -98 -103 -106 -97 -98 -98 -99 -101 -99 -97 -96 -106 -96 -96 -97 -97 -96 -96 -103 -95 -95 -99 -100 -95 -116 
HDOK	PLOK	17472	3	3	-96	7	12	2	58	-94 -94 -93 -103 -99 -93 -101 -101 -93 -93 -94 -94 -94 -95 -94 -95 -93 -94 -100 -94 -94 -97 -95 -94 -93 -94 -94 -94 -100 -94 -94 -94 -98 -95 -99 -103 -93 -93 -93 -95 -107 -95 -93 -93 -101 -93 -93 -94 -95 -94 -94 -100 -94 -99 -94 -94 -97 -118 
HDOK	PLOK	17472	4	4	-98	7	12	2	58	-95 -96 -94 -103 -101 -93 -103 -105 -93 -93 -93 -94 -93 -99 -94 -97 -94 -94 -99 -94 -94 -100 -97 -97 -95 -96 -95 -95 -99 -95 -95 -95 -95 -96 -101 -101 -95 -94 -94 -97 -94 -94 -94 -94 -101 -94 -94 -95 -95 -94 -93 -101 -94 -94 -94 -93 -93 -115 
HDOK	PLOK	17472	5	5	-96	8	12	2	58	-93 -100 -92 -101 -99 -93 -101 -100 -93 -93 -93 -93 -94 -95 -94 -95 -93 -94 -101 -93 -94 -98 -95 -94 -93 -95 -94 -94 -100 -94 -94 -94 -98 -95 -98 -105 -94 -94 -94 -95 -105 -95 -94 -94 -103 -94 -94 -95 -95 -94 -94 -101 -93 -94 -100 -94 -103 -116 
HDOK	PLOK	17472	6	6	-96	8	12	2	58	-95 -99 -94 -103 -103 -94 -103 -105 -94 -94 -95 -94 -94 -98 -94 -96 -94 -94 -99 -94 -93 -99 -95 -95 -94 -95 -95 -95 -100 -95 -95 -95 -96 -96 -101 -103 -94 -95 -95 -97 -96 -97 -95 -95 -105 -95 -96 -96 -97 -95 -95 -105 -95 -103 -95 -99 -105 -117 
HDOK	PLOK	17472	7	7	-98	7	12	2	58	-96 -98 -95 -107 -103 -95 -105 -105 -95 -95 -95 -95 -95 -99 -95 -97 -95 -95 -101 -95 -95 -100 -97 -95 -95 -96 -95 -95 -101 -95 -95 -95 -96 -96 -100 -105 -95 -95 -95 -97 -92 -97 -95 -95 -103 -95 -95 -96 -96 -95 -95 -105 -95 -95 -99 -97 -95 -115 
HDOK	PLOK	17472	8	8	-98	7	12	2	58	-95 -102 -95 -103 -103 -94 -105 -105 -94 -95 -95 -94 -94 -98 -94 -96 -94 -95 -100 -95 -95 -99 -96 -95 -95 -96 -95 -95 -100 -95 -95 -95 -95 -96 -100 -105 -95 -95 -95 -97 -96 -96 -95 -95 -105 -95 -95 -96 -96 -95 -95 -103 -95 -95 -95 -97 -95 -117 
HDOK	PLOK	17472	9	9	-99	7	12	2	58	-97 -100 -96 -105 -105 -96 -106 -105 -96 -96 -96 -95 -95 -99 -96 -98 -96 -96 -101 -96 -96 -101 -98 -98 -97 -99 -98 -98 -102 -97 -97 -97 -97 -97 -101 -104 -95 -95 -95 -98 -96 -98 -96 -97 -106 -98 -99 -99 -100 -98 -98 -106 -98 -98 -101 -100 -101 -116 
HDOK	PLOK	17472	10	10	-93	7	12	2	58	-95 -96 -93 -103 -101 -93 -105 -103 -94 -93 -94 -94 -93 -97 -94 -95 -94 -94 -99 -93 -93 -97 -94 -93 -93 -94 -92 -92 -97 -92 -92 -92 -93 -93 -99 -101 -93 -93 -93 -95 -94 -94 -93 -92 -101 -92 -91 -92 -93 -92 -91 -100 -91 -99 -91 -91 -99 -118 
HDOK	PLOK	17472	11	11	-98	7	12	2	58	-94 -99 -94 -101 -103 -94 -103 -105 -93 -93 -94 -94 -93 -99 -94 -95 -94 -94 -100 -94 -93 -100 -97 -95 -94 -95 -94 -94 -99 -94 -94 -94 -95 -95 -100 -103 -94 -94 -94 -97 -95 -95 -94 -94 -103 -94 -95 -95 -97 -95 -94 -103 -94 -94 -98 -93 -93 -117 
HDOK	PLOK	17472	12	12	-94	6	12	2	58	-92 -97 -92 -100 -99 -93 -100 -100 -93 -93 -93 -92 -92 -94 -91 -92 -90 -92 -99 -93 -93 -97 -94 -93 -92 -93 -92 -92 -99 -93 -93 -94 -96 -95 -97 -103 -92 -92 -92 -94 -100 -94 -93 -93 -103 -93 -93 -93 -93 -93 -92 -100 -93 -93 -99 -94 -97 -115 
HDOK	PLOK	17472	13	13	-100	6	12	2	58	-100 -115 -108 -111 -105 -94 -101 -99 -91 -90 -90 -90 -90 -93 -91 -93 -93 -94 -101 -96 -97 -101 -100 -99 -98 -99 -97 -96 -101 -94 -94 -95 -97 -99 -105 -111 -103 -102 -101 -101 -100 -98 -95 -95 -103 -95 -95 -97 -98 -98 -98 -106 -98 -98 -98 -102 -98 -115 
HDOK	PLOK	17472	14	14	-106	5	12	2	58	-106 -105 -102 -111 -106 -101 -109 -111 -110 -114 -112 -109 -107 -107 -105 -104 -103 -104 -111 -107 -106 -109 -107 -107 -106 -106 -106 -105 -111 -106 -105 -106 -107 -105 -106 -111 -101 -102 -104 -106 -113 -108 -105 -103 -109 -101 -101 -101 -101 -102 -104 -112 -107 -109 -109 -105 -104 -117 
HDOK	PLOK	17472	15	15	-109	3	12	2	58	-107 -109 -108 -115 -113 -112 -117 -116 -116 -111 -111 -108 -106 -107 -106 -106 -105 -106 -115 -115 -115 -116 -112 -107 -108 -116 -110 -111 -115 -110 -113 -113 -115 -114 -115 -115 -110 -110 -109 -109 -111 -107 -105 -105 -113 -106 -106 -109 -110 -110 -110 -115 -112 -113 -112 -109 -107 -117 
HDOK	PLOK	17472	16	16	-107	4	12	2	58	-108 -113 -111 -117 -116 -114 -116 -115 -105 -104 -103 -102 -103 -109 -104 -105 -101 -100 -103 -98 -97 -101 -97 -96 -94 -96 -95 -96 -102 -100 -101 -104 -108 -112 -116 -114 -111 -108 -105 -106 -103 -101 -100 -100 -109 -99 -100 -101 -102 -104 -106 -112 -110 -109 -110 -112 -107 -115 
HDOK	PLOK	17472	17	17	-96	7	12	2	58	-105 -107 -103 -111 -111 -101 -109 -109 -99 -98 -97 -96 -95 -99 -96 -97 -95 -96 -102 -97 -98 -103 -99 -97 -96 -98 -97 -97 -102 -97 -97 -97 -98 -99 -103 -104 -95 -95 -95 -97 -95 -95 -93 -94 -103 -94 -93 -95 -97 -97 -95 -105 -95 -95 -99 -95 -101 -117 
HDOK	PLOK	17472	18	18	-104	5	12	2	58	-98 -100 -97 -107 -109 -106 -115 -113 -104 -105 -106 -113 -114 -112 -109 -106 -106 -107 -113 -115 -110 -111 -105 -102 -101 -101 -101 -102 -110 -106 -108 -107 -111 -111 -116 -116 -115 -112 -112 -107 -105 -104 -99 -98 -106 -95 -96 -96 -97 -97 -97 -106 -99 -109 -105 -108 -111 -117 
HDOK	PLOK	17472	19	19	-107	4	12	2	58	-99 -100 -97 -106 -105 -98 -107 -107 -98 -99 -99 -98 -98 -103 -99 -101 -100 -100 -105 -100 -100 -106 -102 -101 -100 -102 -101 -102 -106 -102 -102 -102 -103 -104 -109 -111 -104 -104 -104 -107 -106 -106 -105 -106 -112 -106 -106 -107 -109 -107 -108 -117 -108 -108 -112 -110 -109 -117 
HDOK	PLOK	17472	20	20	-95	7	12	2	58	-95 -101 -95 -103 -101 -95 -106 -101 -95 -95 -95 -94 -94 -95 -93 -93 -94 -92 -99 -92 -92 -95 -93 -92 -92 -93 -92 -92 -99 -92 -92 -92 -99 -93 -99 -101 -92 -92 -93 -94 -109 -95 -94 -93 -101 -93 -93 -94 -95 -94 -94 -100 -94 -94 -101 -96 -95 -118 
