==========Continuous Reception Mode Start==========
HDOK	PLOK	17472	1	1	-91	8	12	2	58	-87 -97 -85 -95 -94 -87 -97 -95 -87 -87 -87 -87 -87 -91 -87 -88 -87 -87 -92 -87 -87 -93 -88 -88 -87 -88 -87 -87 -91 -87 -87 -87 -87 -87 -93 -95 -87 -87 -87 -89 -87 -87 -87 -87 -95 -87 -87 -88 -88 -88 -87 -95 -87 -88 -87 -87 -87 -118 
HDOK	PLOK	17472	2	2	-90	7	12	2	58	-88 -88 -87 -95 -94 -87 -95 -94 -87 -87 -87 -87 -87 -89 -87 -88 -87 -87 -93 -87 -87 -91 -88 -87 -87 -88 -87 -87 -93 -87 -87 -87 -88 -88 -93 -95 -87 -87 -87 -89 -89 -89 -87 -87 -95 -87 -87 -88 -88 -87 -87 -95 -87 -87 -91 -92 -87 -118 
HDOK	PLOK	17472	3	3	-89	7	12	2	58	-87 -89 -87 -95 -94 -87 -97 -95 -87 -87 -87 -87 -87 -89 -87 -88 -87 -87 -93 -87 -87 -93 -89 -88 -87 -88 -88 -87 -92 -87 -87 -87 -87 -88 -93 -95 -87 -87 -88 -89 -88 -88 -87 -87 -97 -87 -88 -88 -88 -87 -87 -95 -88 -94 -87 -87 -93 -117 
HDOK	PLOK	17472	4	4	-91	7	12	2	58	-88 -95 -87 -95 -93 -87 -95 -94 -87 -87 -87 -87 -87 -89 -87 -88 -87 -87 -94 -88 -87 -91 -88 -88 -87 -88 -87 -87 -93 -87 -87 -87 -89 -88 -91 -97 -87 -87 -87 -89 -90 -88 -87 -87 -97 -87 -87 -88 -88 -87 -87 -94 -87 -88 -87 -87 -87 -117 
HDOK	PLOK	17472	5	5	-90	7	12	2	58	-87 -93 -87 -97 -93 -87 -97 -95 -87 -87 -87 -87 -87 -91 -87 -89 -87 -88 -92 -87 -87 -93 -89 -88 -87 -89 -88 -88 -92 -87 -87 -87 -87 -88 -93 -95 -87 -87 -87 -89 -87 -88 -87 -87 -95 -87 -87 -88 -89 -88 -87 -95 -87 -88 -91 -87 -97 -115 
HDOK	PLOK	17472	6	6	-89	7	12	2	58	-87 -91 -87 -94 -94 -87 -97 -95 -87 -87 -87 -87 -87 -91 -87 -89 -87 -87 -93 -87 -87 -93 -89 -88 -87 -88 -87 -88 -92 -87 -87 -87 -87 -88 -93 -97 -87 -87 -87 -89 -88 -88 -87 -87 -95 -87 -87 -88 -89 -88 -87 -95 -87 -94 -87 -89 -99 -118 
HDOK	PLOK	17472	7	7	-91	8	12	2	58	-87 -90 -87 -97 -95 -88 -97 -97 -88 -88 -88 -88 -88 -91 -89 -89 -88 -88 -94 -88 -88 -93 -89 -88 -87 -89 -88 -88 -94 -87 -87 -88 -89 -89 -93 -97 -87 -87 -87 -91 -89 -89 -87 -88 -97 -88 -88 -89 -89 -88 -88 -97 -88 -87 -93 -89 -87 -118 
HDOK	PLOK	17472	8	8	-91	7	12	2	58	-88 -98 -87 -97 -95 -88 -97 -97 -87 -88 -89 -88 -88 -91 -88 -89 -88 -88 -94 -88 -88 -93 -89 -88 -88 -89 -88 -88 -93 -87 -87 -88 -88 -89 -93 -97 -87 -88 -88 -91 -89 -89 -87 -87 -97 -87 -88 -89 -89 -88 -87 -97 -88 -88 -88 -89 -88 -115 
HDOK	PLOK	17472	9	9	-90	7	12	2	58	-88 -105 -87 -97 -94 -87 -95 -94 -87 -87 -87 -87 -87 -91 -87 -88 -88 -87 -94 -87 -88 -91 -89 -88 -87 -88 -87 -87 -94 -87 -87 -87 -89 -89 -93 -97 -87 -88 -87 -89 -93 -89 -87 -87 -95 -87 -87 -88 -88 -87 -87 -94 -87 -88 -93 -89 -89 -117 
HDOK	PLOK	17472	10	10	-90	8	12	2	58	-89 -91 -89 -99 -97 -89 -99 -97 -89 -89 -89 -89 -89 -92 -89 -90 -89 -89 -95 -88 -89 -93 -89 -89 -88 -89 -92 -88 -95 -88 -88 -88 -90 -90 -93 -97 -88 -88 -88 -89 -94 -90 -88 -88 -97 -88 -89 -89 -89 -88 -88 -95 -88 -94 -89 -88 -97 -117 
HDOK	PLOK	17472	11	11	-91	8	12	2	58	-87 -89 -88 -99 -95 -89 -97 -95 -89 -88 -89 -88 -88 -90 -88 -89 -89 -88 -95 -88 -89 -92 -89 -88 -88 -89 -88 -88 -95 -88 -88 -87 -96 -89 -91 -97 -87 -87 -88 -89 -103 -90 -88 -87 -95 -87 -88 -88 -89 -88 -87 -94 -87 -87 -90 -87 -88 -117 
HDOK	PLOK	17472	12	12	-90	7	12	2	58	-88 -97 -87 -97 -95 -88 -97 -97 -88 -87 -87 -88 -88 -91 -88 -89 -88 -88 -94 -88 -88 -93 -89 -88 -87 -89 -88 -88 -94 -88 -88 -88 -89 -89 -93 -97 -88 -87 -87 -89 -92 -89 -87 -87 -97 -87 -88 -89 -89 -88 -88 -94 -88 -88 -93 -87 -91 -118 
HDOK	PLOK	17472	13	13	-92	7	12	2	58	-93 -101 -92 -100 -99 -91 -99 -97 -89 -89 -89 -89 -89 -91 -89 -89 -88 -89 -97 -89 -89 -93 -90 -89 -89 -90 -89 -89 -95 -88 -87 -88 -93 -90 -92 -99 -89 -89 -90 -91 -107 -92 -89 -89 -97 -88 -87 -88 -88 -87 -88 -94 -89 -90 -89 -96 -89 -116 
HDOK	PLOK	17472	14	14	-90	7	12	2	58	-87 -93 -87 -97 -95 -88 -97 -97 -88 -87 -88 -88 -87 -91 -87 -88 -87 -87 -92 -87 -87 -91 -88 -88 -87 -88 -87 -87 -92 -86 -86 -86 -87 -87 -91 -97 -87 -86 -87 -88 -90 -87 -86 -86 -95 -86 -86 -87 -87 -87 -87 -94 -87 -87 -89 -87 -87 -116 
HDOK	PLOK	17472	15	15	-90	7	12	2	58	-87 -89 -87 -95 -94 -87 -95 -94 -87 -87 -87 -87 -87 -89 -87 -88 -87 -87 -94 -88 -87 -91 -88 -87 -87 -88 -87 -87 -94 -87 -87 -87 -90 -89 -91 -95 -87 -87 -87 -88 -101 -89 -87 -87 -95 -87 -87 -88 -88 -87 -87 -94 -88 -93 -87 -88 -87 -117 
HDOK	PLOK	17472	16	16	-91	7	12	2	58	-87 -90 -87 -95 -95 -87 -95 -95 -87 -87 -87 -87 -87 -91 -88 -89 -87 -87 -93 -87 -87 -93 -89 -88 -87 -88 -87 -87 -93 -87 -87 -87 -87 -88 -93 -95 -87 -87 -87 -89 -89 -88 -87 -87 -97 -87 -87 -87 -88 -87 -87 -94 -87 -88 -87 -92 -87 -117 
HDOK	PLOK	17472	17	17	-89	7	12	2	58	-88 -93 -87 -95 -95 -87 -95 -95 -87 -87 -87 -87 -87 -91 -88 -90 -87 -87 -92 -87 -87 -93 -88 -88 -87 -88 -87 -87 -92 -87 -87 -87 -87 -88 -93 -95 -87 -87 -87 -89 -88 -88 -87 -87 -97 -87 -87 -88 -89 -88 -87 -95 -87 -88 -92 -87 -93 -117 
HDOK	PLOK	17472	18	18	-91	8	12	2	58	-89 -90 -89 -97 -95 -89 -99 -95 -89 -89 -89 -89 -89 -91 -89 -89 -89 -88 -95 -89 -89 -93 -89 -89 -89 -89 -89 -89 -95 -89 -89 -89 -93 -90 -93 -99 -89 -88 -88 -89 -94 -90 -88 -88 -97 -89 -89 -89 -89 -89 -88 -95 -88 -94 -89 -89 -88 -118 
HDOK	PLOK	17472	19	19	-91	6	12	2	58	-89 -89 -87 -97 -94 -88 -97 -95 -87 -87 -88 -87 -88 -91 -87 -88 -88 -88 -95 -87 -88 -91 -89 -88 -88 -88 -87 -87 -94 -87 -87 -88 -92 -89 -91 -97 -88 -87 -87 -89 -106 -89 -87 -87 -95 -88 -87 -88 -88 -87 -87 -93 -87 -87 -89 -88 -88 -117 
HDOK	PLOK	17472	20	20	-99	7	12	2	58	-92 -100 -92 -100 -99 -92 -101 -100 -93 -93 -95 -94 -94 -97 -95 -97 -96 -97 -102 -97 -96 -100 -97 -96 -95 -97 -96 -96 -103 -96 -97 -97 -99 -99 -101 -106 -97 -97 -98 -99 -103 -99 -97 -97 -106 -97 -98 -98 -98 -97 -96 -105 -96 -96 -101 -99 -98 -117 
