==========Continuous Reception Mode Start==========
HDOK	PLOK	17472	1	1	-114	-1	12	2	58	-113 -114 -114 -116 -116 -114 -114 -118 -113 -116 -116 -115 -114 -116 -114 -114 -117 -116 -116 -115 -115 -115 -115 -115 -115 -114 -116 -115 -115 -115 -113 -113 -116 -115 -115 -116 -114 -113 -113 -115 -113 -113 -115 -113 -116 -113 -112 -113 -113 -113 -113 -116 -112 -112 -113 -113 -112 -115 
HDOK	PLOK	17472	2	2	-112	0	12	2	58	-113 -113 -112 -116 -115 -113 -117 -117 -113 -113 -112 -113 -112 -115 -113 -113 -112 -112 -114 -113 -113 -113 -112 -113 -114 -115 -112 -112 -117 -112 -111 -111 -113 -113 -115 -115 -112 -112 -112 -113 -115 -114 -112 -113 -117 -113 -113 -113 -111 -113 -112 -117 -112 -112 -113 -113 -113 -117 
HDOK	PLOK	17472	3	3	-112	0	12	2	58	-112 -115 -113 -118 -117 -113 -117 -116 -114 -113 -113 -112 -112 -113 -113 -115 -112 -113 -115 -112 -112 -117 -113 -112 -113 -113 -112 -112 -114 -113 -112 -112 -112 -112 -115 -116 -113 -115 -113 -113 -112 -113 -113 -112 -115 -112 -113 -113 -112 -113 -112 -117 -111 -117 -116 -112 -117 -117 
HDOK	PLOK	17472	4	4	-112	0	12	2	58	-113 -101 -112 -114 -123 -112 -117 -117 -113 -113 -112 -112 -112 -115 -112 -113 -113 -112 -116 -113 -113 -115 -113 -113 -112 -113 -113 -112 -115 -112 -111 -112 -113 -113 -115 -114 -112 -112 -112 -115 -113 -113 -112 -112 -114 -113 -112 -113 -115 -113 -113 -118 -112 -113 -113 -112 -113 -115 
HDOK	PLOK	17472	5	5	-112	0	12	2	58	-111 -115 -113 -115 -115 -112 -117 -117 -113 -111 -113 -112 -112 -113 -113 -113 -112 -112 -117 -113 -112 -115 -113 -113 -113 -115 -113 -112 -114 -112 -113 -112 -113 -112 -115 -116 -112 -113 -112 -112 -114 -113 -112 -112 -118 -113 -111 -115 -113 -113 -113 -116 -113 -113 -115 -112 -115 -116 
HDOK	PLOK	17472	6	6	-111	0	12	2	58	-112 -117 -113 -117 -117 -113 -116 -116 -112 -112 -113 -112 -113 -115 -113 -115 -112 -113 -114 -113 -113 -115 -113 -113 -113 -115 -112 -113 -116 -112 -112 -115 -112 -113 -117 -101 -112 -113 -112 -113 -112 -113 -112 -114 -117 -113 -113 -113 -117 -111 -112 -117 -113 -115 -111 -116 -115 -118 
HDOK	PLOK	17472	7	7	-112	0	12	2	58	-113 -115 -112 -116 -115 -113 -116 -116 -113 -112 -113 -113 -112 -115 -113 -112 -112 -112 -115 -112 -113 -115 -113 -113 -113 -113 -112 -113 -115 -112 -113 -113 -113 -113 -115 -115 -113 -112 -112 -113 -117 -113 -111 -113 -116 -111 -113 -112 -112 -112 -112 -115 -112 -113 -115 -113 -113 -116 
HDOK	PLOK	17472	8	8	-111	1	12	2	58	-112 -114 -112 -117 -115 -112 -116 -117 -111 -112 -112 -112 -110 -112 -112 -113 -111 -112 -114 -111 -111 -117 -112 -112 -111 -112 -110 -110 -115 -110 -109 -110 -111 -111 -113 -116 -110 -112 -111 -112 -111 -112 -111 -111 -117 -112 -112 -112 -113 -112 -111 -117 -112 -112 -113 -113 -112 -117 
HDOK	PLOK	17472	9	9	-114	-1	12	2	58	-113 -115 -112 -115 -116 -111 -117 -114 -113 -109 -113 -113 -113 -113 -112 -113 -110 -112 -117 -112 -112 -115 -112 -113 -113 -113 -113 -114 -116 -116 -113 -113 -115 -114 -114 -116 -113 -113 -113 -113 -115 -113 -114 -113 -115 -113 -115 -114 -116 -116 -114 -116 -114 -114 -117 -115 -113 -118 
HDOK	PLOK	17472	10	10	-112	0	12	2	58	-113 -115 -113 -116 -117 -111 -117 -118 -112 -113 -111 -112 -112 -113 -111 -113 -112 -112 -114 -112 -113 -115 -115 -113 -113 -113 -112 -113 -117 -113 -112 -113 -113 -113 -115 -117 -113 -112 -112 -115 -113 -113 -113 -112 -117 -112 -113 -115 -113 -112 -112 -115 -113 -115 -113 -113 -117 -117 
HDOK	PLOK	17472	11	11	-112	0	12	2	58	-113 -115 -113 -116 -117 -113 -116 -115 -112 -113 -111 -115 -112 -113 -113 -115 -115 -113 -113 -112 -112 -115 -113 -115 -112 -115 -112 -112 -116 -113 -113 -113 -111 -112 -115 -116 -113 -113 -113 -115 -113 -113 -113 -111 -116 -115 -113 -113 -115 -115 -112 -117 -113 -115 -115 -111 -112 -118 
HDOK	PLOK	17472	12	12	-112	0	12	2	58	-113 -117 -112 -117 -117 -112 -113 -115 -111 -111 -112 -115 -112 -113 -113 -113 -113 -113 -116 -113 -113 -115 -113 -113 -113 -115 -113 -113 -115 -113 -112 -112 -113 -111 -115 -115 -111 -112 -113 -112 -113 -113 -112 -113 -115 -112 -111 -113 -115 -115 -112 -115 -113 -115 -115 -113 -115 -118 
HDOK	PLOK	17472	13	13	-114	-1	12	2	58	-111 -117 -111 -117 -115 -112 -115 -117 -112 -113 -113 -114 -113 -114 -113 -115 -113 -113 -114 -113 -113 -115 -112 -113 -113 -115 -113 -113 -115 -112 -111 -113 -114 -113 -115 -117 -113 -112 -111 -115 -111 -114 -111 -113 -116 -115 -113 -116 -116 -115 -113 -114 -111 -113 -112 -113 -112 -116 
HDOK	PLOK	17472	14	14	-112	0	12	2	58	-112 -115 -112 -117 -113 -113 -115 -115 -112 -113 -112 -112 -113 -117 -113 -113 -113 -113 -115 -112 -113 -115 -113 -115 -111 -113 -113 -113 -116 -113 -112 -112 -113 -113 -117 -115 -112 -113 -112 -113 -112 -111 -112 -113 -115 -113 -112 -115 -113 -113 -113 -116 -112 -111 -117 -113 -112 -116 
HDOK	PLOK	17472	15	15	-112	0	12	2	58	-112 -115 -113 -118 -117 -112 -117 -116 -111 -112 -113 -112 -113 -115 -113 -115 -113 -115 -115 -112 -112 -115 -113 -117 -112 -113 -113 -113 -114 -115 -113 -112 -113 -112 -115 -114 -113 -111 -112 -115 -113 -113 -111 -111 -114 -112 -111 -113 -113 -117 -112 -116 -112 -116 -113 -113 -117 -117 
HDOK	PLOK	17472	16	16	-114	-1	12	2	58	-113 -117 -111 -116 -115 -113 -116 -115 -113 -115 -114 -112 -114 -113 -113 -112 -112 -113 -115 -113 -113 -114 -117 -113 -113 -113 -113 -115 -114 -115 -115 -113 -115 -114 -117 -118 -114 -114 -113 -117 -113 -113 -115 -114 -117 -114 -114 -114 -114 -115 -113 -118 -114 -113 -115 -115 -113 -117 
HDOK	PLOK	17472	17	17	-112	0	12	2	58	-113 -117 -113 -115 -117 -112 -117 -119 -113 -112 -112 -112 -112 -115 -111 -113 -112 -113 -114 -113 -112 -115 -113 -112 -112 -113 -113 -113 -116 -113 -112 -111 -112 -112 -117 -116 -112 -113 -113 -115 -112 -113 -113 -113 -117 -113 -113 -112 -112 -113 -112 -116 -111 -115 -113 -112 -117 -117 
HDOK	PLOK	17472	18	18	-112	0	12	2	58	-113 -113 -112 -115 -115 -111 -116 -115 -112 -113 -113 -112 -112 -115 -113 -115 -111 -112 -116 -113 -113 -117 -113 -113 -112 -113 -112 -112 -115 -113 -112 -112 -113 -114 -115 -116 -112 -112 -112 -115 -112 -113 -113 -111 -115 -112 -112 -113 -115 -115 -113 -115 -113 -109 -112 -112 -112 -117 
HDOK	PLOK	17472	19	19	-113	0	12	2	58	-113 -115 -113 -117 -115 -112 -117 -115 -113 -111 -113 -112 -113 -113 -112 -113 -115 -112 -115 -113 -113 -113 -113 -115 -112 -115 -113 -112 -116 -112 -113 -113 -112 -114 -115 -116 -112 -112 -112 -113 -113 -113 -111 -112 -117 -112 -111 -115 -113 -113 -113 -117 -113 -115 -115 -112 -112 -117 
HDOK	PLOK	17472	20	20	-112	0	12	2	58	-112 -114 -113 -116 -115 -113 -114 -115 -113 -113 -112 -112 -112 -115 -113 -113 -113 -115 -115 -113 -113 -115 -113 -115 -113 -113 -113 -113 -115 -111 -115 -113 -113 -113 -117 -116 -113 -113 -113 -113 -112 -113 -113 -112 -116 -113 -112 -113 -115 -115 -113 -117 -112 -115 -113 -117 -117 -117 
HDOK	