==========Continuous Reception Mode Start==========
HDOK	PLOK	17472	1	1	-110	4	11	2	33	-117 -110 -112 -111 -112 -115 -113 -110 -115 -111 -110 -110 -112 -110 -110 -111 -111 -111 -111 -112 -111 -111 -110 -117 -112 -110 -110 -113 -113 -111 -112 -111 -110 
HDOK	PLOK	17472	2	2	-109	4	11	2	33	-110 -110 -111 -109 -113 -117 -112 -109 -111 -110 -109 -110 -111 -108 -110 -110 -111 -111 -116 -110 -109 -111 -111 -115 -110 -110 -109 -113 -110 -110 -109 -109 -109 
HDOK	PLOK	17472	3	3	-110	4	11	2	33	-115 -111 -112 -110 -111 -115 -112 -110 -113 -109 -110 -112 -112 -110 -110 -111 -112 -111 -111 -112 -110 -111 -110 -115 -110 -111 -112 -112 -113 -113 -111 -112 -110 
HDOK	PLOK	17472	4	4	-110	4	11	2	33	-110 -110 -112 -110 -111 -115 -111 -111 -117 -110 -110 -111 -113 -112 -110 -110 -111 -111 -110 -112 -115 -111 -112 -114 -111 -110 -111 -112 -112 -112 -115 -110 -110 
HDOK	PLOK	17472	5	5	-110	4	11	2	33	-113 -110 -113 -111 -113 -116 -113 -110 -113 -110 -111 -112 -111 -111 -110 -111 -111 -111 -111 -111 -111 -112 -110 -115 -111 -110 -111 -113 -111 -111 -109 -111 -111 
HDOK	PLOK	17472	6	6	-111	4	11	2	33	-109 -112 -113 -109 -110 -113 -113 -112 -113 -110 -111 -111 -117 -111 -111 -109 -112 -111 -111 -112 -109 -110 -110 -115 -110 -111 -110 -115 -115 -117 -109 -112 -112 
HDOK	PLOK	17472	7	7	-111	4	11	2	33	-113 -111 -112 -111 -113 -115 -112 -111 -117 -112 -110 -112 -112 -112 -112 -110 -112 -113 -111 -113 -111 -111 -112 -117 -111 -112 -112 -112 -112 -112 -111 -112 -111 
HDOK	PLOK	17472	8	8	-111	3	11	2	33	-110 -110 -112 -111 -111 -117 -112 -110 -115 -111 -111 -111 -112 -110 -110 -111 -111 -112 -111 -111 -111 -111 -111 -117 -111 -110 -111 -112 -112 -111 -112 -110 -110 
HDOK	PLOK	17472	9	9	-110	4	11	2	33	-115 -109 -112 -110 -115 -115 -111 -110 -112 -111 -110 -111 -111 -111 -111 -112 -112 -111 -113 -111 -111 -111 -111 -115 -112 -110 -111 -112 -113 -111 -110 -115 -110 
HDOK	PLOK	17472	10	10	-110	4	11	2	33	-110 -111 -113 -111 -112 -117 -112 -111 -115 -110 -110 -112 -112 -111 -111 -110 -112 -112 -110 -111 -110 -111 -111 -117 -112 -109 -110 -115 -115 -112 -111 -112 -109 
HDOK	PLOK	17472	11	11	-110	4	11	2	33	-113 -110 -112 -111 -111 -114 -113 -110 -116 -110 -111 -111 -117 -111 -110 -109 -110 -112 -111 -112 -110 -110 -112 -115 -110 -111 -111 -113 -113 -111 -110 -110 -109 
HDOK	PLOK	17472	12	12	-110	5	11	2	33	-111 -111 -112 -110 -110 -115 -113 -110 -116 -111 -111 -109 -113 -110 -110 -109 -111 -110 -108 -111 -109 -110 -111 -115 -110 -110 -110 -112 -115 -115 -109 -111 -110 
HDOK	PLOK	17472	13	13	-110	4	11	2	33	-117 -111 -112 -110 -112 -114 -112 -112 -113 -112 -110 -111 -111 -111 -111 -111 -111 -112 -112 -111 -111 -111 -111 -115 -109 -111 -110 -113 -112 -111 -112 -112 -111 
HDOK	PLOK	17472	14	14	-110	4	11	2	33	-110 -111 -112 -110 -112 -117 -115 -110 -115 -111 -110 -111 -112 -111 -112 -110 -111 -112 -111 -112 -110 -111 -111 -113 -111 -111 -110 -113 -112 -111 -110 -115 -110 
HDOK	PLOK	17472	15	15	-110	4	11	2	33	-115 -111 -112 -110 -112 -111 -112 -111 -112 -110 -109 -110 -111 -109 -111 -110 -111 -112 -112 -111 -110 -112 -111 -115 -110 -111 -110 -113 -110 -112 -111 -111 -110 
HDOK	PLOK	17472	16	16	-110	4	11	2	33	-110 -110 -112 -110 -111 -110 -112 -110 -115 -110 -110 -111 -111 -109 -111 -110 -112 -111 -111 -111 -111 -110 -111 -117 -111 -110 -111 -113 -115 -112 -112 -111 -110 
HDOK	PLOK	17472	17	17	-110	4	11	2	33	-119 -110 -111 -111 -113 -111 -112 -110 -112 -110 -111 -112 -111 -111 -110 -111 -111 -112 -113 -111 -111 -111 -109 -117 -110 -111 -110 -110 -112 -110 -111 -112 -111 
HDOK	PLOK	17472	18	18	-110	3	11	2	33	-111 -112 -112 -111 -113 -112 -113 -112 -115 -112 -111 -112 -113 -110 -112 -112 -111 -113 -113 -112 -111 -113 -112 -117 -112 -111 -111 -112 -112 -112 -111 -117 -110 
HDOK	PLOK	17472	19	19	-110	3	11	2	33	-116 -111 -115 -112 -111 -112 -115 -112 -114 -115 -113 -113 -101 -113 -111 -112 -113 -113 -113 -115 -113 -112 -115 -116 -113 -113 -112 -115 -115 -115 -109 -109 -110 
HDOK	PLOK	17472	20	20	-110	4	11	2	33	-109 -111 -112 -109 -109 -109 -112 -111 -117 -110 -110 -111 -113 -109 -110 -109 -111 -112 -110 -112 -111 -111 -112 -115 -111 -110 -111 -115 -113 -111 -110 -112 -111 
HDOK	PLOK	17472	21	21	-110	4	11	2	33	-113 -109 -113 -110 -113 -110 -112 -111 -113 -110 -110 -112 -112 -112 -111 -112 -111 -112 -113 -112 -111 -112 -111 -115 -110 -111 -109 -112 -111 -109 -113 -115 -111 
HDOK	PLOK	17472	22	22	-110	4	11	2	33	-111 -110 -112 -110 -111 -110 -112 -109 -113 -111 -110 -110 -112 -109 -110 -111 -110 -111 -112 -111 -112 -111 -110 -117 -112 -110 -110 -111 -112 -111 -111 -110 -109 
HDOK	PLOK	17472	23	23	-110	4	11	2	33	-113 -110 -112 -111 -113 -111 -113 -111 -111 -111 -110 -111 -111 -110 -111 -111 -111 -113 -117 -111 -110 -113 -112 -117 -111 -111 -110 -112 -112 -111 -110 -113 -108 
HDOK	PLOK	17472	24	24	-110	4	11	2	33	-112 -111 -111 -111 -115 -112 -112 -110 -112 -111 -110 -111 -110 -110 -111 -111 -110 -111 -115 -110 -111 -111 -110 -115 -110 -109 -110 -112 -111 -109 -110 -110 -110 
HDOK	PLOK	17472	25	25	-110	4	11	2	33	-115 -111 -112 -111 -114 -112 -112 -111 -111 -111 -110 -112 -111 -111 -111 -111 -113 -113 -117 -112 -111 -113 -112 -113 -111 -110 -110 -111 -111 -110 -110 -110 -109 
HDOK	PLOK	17472	26	26	-111	4	11	2	33	-113 -115 -115 -112 -112 -113 -115 -113 -112 -113 -112 -113 -111 -112 -111 -112 -111 -114 -116 -111 -111 -112 -111 -117 -110 -110 -109 -111 -112 -111 -109 -110 -112 
HDOK	PLOK	17472	27	27	-109	5	11	2	33	-115 -105 -111 -108 -111 -111 -110 -109 -110 -109 -110 -111 -110 -108 -110 -109 -110 -113 -115 -111 -110 -111 -109 -113 -110 -108 -109 -111 -110 -108 -110 -109 -110 
HDOK	PLOK	17472	28	28	-109	5	11	2	33	-109 -109 -110 -109 -113 -110 -110 -109 -111 -109 -108 -111 -110 -110 -110 -110 -111 -111 -115 -112 -109 -111 -109 -115 -109 -109 -109 -111 -111 -110 -110 -113 -110 
HDOK	PLOK	17472	29	29	-112	2	11	2	33	-115 -113 -115 -111 -113 -112 -115 -113 -118 -113 -112 -112 -115 -113 -112 -112 -112 -113 -113 -112 -110 -112 -113 -117 -115 -111 -111 -112 -115 -111 -112 -112 -112 
HDOK	PLOK	17472	30	30	-111	3	11	2	33	-111 -112 -111 -111 -115 -111 -112 -111 -111 -110 -111 -112 -111 -112 -111 -112 -111 -113 -118 -112 -112 -112 -111 -117 -112 -110 -111 -111 -112 -111 -110 -113 -116 
HDOK	PLOK	17472	31	31	-111	3	11	2	33	-115 -112 -115 -112 -116 -112 -113 -112 -112 -111 -112 -113 -112 -113 -112 -113 -113 -113 -117 -112 -112 -113 -111 -115 -112 -111 -112 -112 -112 -112 -111 -113 -111 
HDOK	PLOK	17472	32	32	-110	4	11	2	33	-110 -108 -113 -111 -116 -111 -112 -111 -113 -110 -111 -112 -111 -111 -111 -111 -112 -113 -117 -112 -110 -112 -110 -117 -111 -110 -110 -112 -111 -111 -111 -110 -111 
HDOK	PLOK	17472	33	33	-112	2	11	2	33	-115 -112 -115 -112 -113 -113 -115 -112 -117 -112 -112 -113 -113 -110 -112 -112 -112 -112 -114 -113 -111 -111 -113 -117 -112 -113 -111 -112 -113 -112 -113 -114 -113 
HDOK	PLOK	17472	34	34	-111	3	11	2	33	-111 -111 -113 -111 -112 -111 -112 -110 -113 -112 -110 -112 -111 -110 -111 -111 -111 -112 -115 -110 -110 -113 -110 -117 -111 -111 -112 -112 -112 -110 -112 -111 -111 
HDOK	PLOK	17472	35	35	-112	1	11	2	33	-115 -112 -113 -113 -112 -113 -113 -113 -116 -112 -113 -113 -117 -113 -113 -111 -113 -113 -115 -113 -113 -113 -113 -117 -112 -113 -113 -115 -115 -113 -115 -113 -113 
HDOK	PLOK	17472	36	36	-112	1	11	2	33	-112 -112 -117 -112 -117 -114 -113 -113 -115 -113 -112 -113 -113 -112 -112 -117 -113 -116 -115 -113 -115 -116 -113 -114 -113 -114 -113 -113 -115 -115 -113 -115 -114 
HDOK	PLOK	17472	37	37	-113	1	11	2	33	-114 -112 -115 -113 -111 -113 -114 -113 -116 -112 -113 -114 -113 -113 -112 -113 -115 -114 -114 -113 -112 -113 -112 -117 -115 -113 -113 -112 -115 -117 -113 -114 -113 
HDOK	PLOK	17472	38	38	-110	4	11	2	33	-113 -112 -113 -112 -115 -112 -113 -113 -112 -112 -112 -113 -113 -112 -112 -112 -113 -113 -119 -111 -112 -112 -111 -115 -110 -111 -111 -111 -112 -110 -111 -110 -111 
HDOK	PLOK	17472	39	39	-110	4	11	2	33	-115 -111 -112 -111 -111 -111 -113 -110 -112 -111 -110 -110 -113 -111 -111 -110 -110 -112 -111 -111 -110 -110 -110 -114 -112 -111 -110 -113 -113 -112 -112 -110 -110 
HDOK	PLOK	17472	40	40	-111	4	11	2	33	-111 -111 -113 -111 -113 -111 -113 -111 -114 -112 -111 -111 -115 -113 -111 -111 -111 -113 -112 -112 -111 -112 -110 -117 -112 -110 -110 -115 -113 -111 -112 -111 -111 
HDOK	PLOK	17472	41	41	-111	2	11	2	33	-117 -111 -113 -112 -113 -112 -113 -112 -117 -112 -112 -112 -113 -112 -113 -113 -115 -115 -112 -113 -113 -113 -112 -116 -113 -112 -112 -112 -115 -111 -111 -113 -111 
HDOK	PLOK	17472	42	42	-109	5	11	2	33	-110 -109 -111 -109 -110 -110 -111 -109 -112 -108 -109 -110 -115 -110 -110 -110 -111 -111 -111 -111 -111 -110 -109 -113 -109 -110 -108 -111 -112 -113 -111 -113 -110 
HDOK	PLOK	17472	43	43	-109	5	11	2	33	-115 -109 -110 -110 -112 -111 -111 -110 -113 -109 -109 -111 -110 -111 -111 -110 -110 -112 -113 -110 -110 -112 -110 -117 -110 -110 -110 -111 -112 -110 -110 -113 -110 
HDOK	PLOK	17472	44	44	-110	5	11	2	33	-110 -110 -110 -110 -111 -110 -112 -110 -111 -111 -110 -111 -109 -110 -110 -110 -110 -112 -113 -109 -110 -111 -110 -115 -108 -109 -110 -111 -111 -110 -109 -109 -111 
HDOK	PLOK	17472	45	45	-109	5	11	2	33	-115 -110 -112 -111 -109 -111 -112 -110 -118 -109 -110 -110 -113 -110 -110 -110 -111 -111 -111 -110 -111 -110 -110 -117 -110 -110 -110 -112 -111 -111 -111 -115 -110 
HDOK	PLOK	17472	46	46	-111	4	11	2	33	-110 -111 -112 -110 -114 -109 -113 -111 -111 -111 -110 -112 -110 -111 -111 -111 -111 -112 -117 -112 -112 -113 -111 -115 -112 -111 -112 -112 -112 -111 -112 -110 -110 
HDOK	PLOK	17472	47	47	-109	5	11	2	33	-117 -112 -113 -109 -110 -115 -113 -110 -113 -110 -108 -111 -115 -110 -110 -110 -111 -111 -110 -111 -108 -109 -110 -115 -111 -110 -109 -111 -112 -111 -110 -111 -110 
HDOK	PLOK	17472	48	48	-110	4	11	2	33	-111 -110 -112 -109 -109 -115 -112 -110 -115 -110 -111 -110 -111 -111 -110 -110 -110 -113 -111 -112 -110 -112 -111 -115 -110 -109 -110 -110 -111 -111 -112 -111 -109 
HDOK	PLOK	17472	49	49	-110	5	11	2	33	-115 -110 -111 -109 -111 -115 -112 -110 -112 -109 -109 -110 -111 -109 -110 -110 -109 -111 -115 -110 -110 -110 -108 -115 -108 -109 -109 -111 -110 -110 -109 -109 -115 
HDOK	PLOK	17472	50	50	-110	5	11	2	33	-110 -110 -113 -108 -109 -113 -111 -108 -113 -109 -109 -109 -115 -110 -110 -109 -111 -111 -109 -110 -109 -109 -109 -115 -111 -108 -109 -113 -113 -110 -108 -110 -110 
