==========Continuous Reception Mode Start==========
HDOK	PLOK	17472	1	1	-109	5	11	2	33	-108 -110 -111 -109 -110 -101 -111 -110 -112 -109 -110 -111 -110 -109 -109 -111 -111 -111 -111 -109 -109 -110 -111 -115 -111 -109 -111 -112 -112 -110 -110 -112 -111 
HDOK	PLOK	17472	2	2	-110	5	11	2	33	-115 -111 -112 -111 -111 -117 -113 -111 -116 -111 -110 -110 -115 -111 -111 -112 -111 -111 -111 -111 -110 -110 -109 -117 -112 -110 -110 -113 -113 -110 -110 -109 -108 
HDOK	PLOK	17472	3	3	-109	6	11	2	33	-108 -111 -111 -109 -111 -115 -112 -110 -111 -108 -109 -111 -110 -109 -109 -109 -110 -112 -112 -109 -109 -110 -108 -117 -109 -108 -108 -112 -109 -108 -111 -109 -109 
HDOK	PLOK	17472	4	4	-111	3	11	2	33	-115 -111 -113 -112 -112 -117 -115 -112 -118 -112 -112 -111 -112 -112 -111 -112 -113 -112 -112 -111 -111 -111 -112 -116 -110 -112 -110 -112 -113 -111 -111 -115 -111 
HDOK	PLOK	17472	5	5	-109	5	11	2	33	-110 -109 -112 -110 -109 -115 -112 -110 -116 -109 -110 -110 -113 -109 -110 -110 -111 -111 -108 -110 -110 -111 -111 -117 -110 -109 -109 -110 -110 -111 -110 -109 -109 
HDOK	PLOK	17472	6	6	-111	4	11	2	33	-113 -110 -111 -110 -111 -116 -113 -111 -115 -112 -109 -112 -112 -111 -111 -111 -111 -111 -112 -112 -111 -112 -112 -116 -111 -104 -110 -113 -111 -110 -109 -111 -110 
HDOK	PLOK	17472	7	7	-112	3	11	2	33	-112 -112 -113 -112 -113 -116 -113 -112 -113 -113 -112 -113 -112 -111 -113 -111 -112 -113 -114 -112 -113 -113 -112 -118 -111 -112 -113 -115 -115 -112 -111 -113 -113 
HDOK	PLOK	17472	8	8	-110	5	11	2	33	-115 -111 -113 -110 -111 -113 -112 -110 -113 -111 -110 -111 -111 -111 -107 -111 -112 -113 -113 -110 -110 -112 -109 -115 -111 -109 -110 -111 -110 -110 -109 -110 -110 
HDOK	PLOK	17472	9	9	-110	4	11	2	33	-111 -109 -113 -109 -110 -113 -113 -111 -114 -111 -110 -112 -115 -110 -111 -112 -112 -112 -112 -113 -109 -103 -113 -104 -112 -104 -110 -113 -113 -112 -109 -113 -110 
HDOK	PLOK	17472	10	10	-110	5	11	2	33	-115 -109 -111 -109 -110 -117 -112 -110 -117 -110 -110 -110 -110 -109 -109 -109 -109 -111 -110 -110 -111 -111 -112 -116 -110 -109 -109 -113 -112 -110 -111 -109 -109 
HDOK	PLOK	17472	11	11	-111	3	11	2	33	-111 -111 -115 -111 -111 -115 -115 -112 -114 -112 -112 -113 -117 -112 -111 -108 -113 -113 -113 -113 -113 -112 -113 -117 -111 -111 -111 -115 -112 -112 -112 -110 -110 
HDOK	PLOK	17472	12	12	-110	4	11	2	33	-115 -109 -112 -109 -110 -115 -111 -108 -115 -109 -108 -110 -110 -108 -110 -110 -110 -112 -112 -110 -110 -111 -111 -117 -111 -111 -110 -112 -115 -111 -112 -114 -112 
HDOK	PLOK	17472	13	13	-111	3	11	2	33	-112 -112 -115 -113 -113 -116 -114 -113 -116 -113 -112 -113 -113 -113 -115 -113 -115 -112 -113 -112 -111 -112 -112 -118 -112 -110 -111 -113 -113 -112 -113 -112 -111 
HDOK	PLOK	17472	14	14	-110	4	11	2	33	-115 -111 -113 -110 -110 -115 -112 -110 -114 -110 -109 -111 -115 -110 -110 -111 -111 -111 -111 -112 -111 -111 -111 -117 -110 -111 -111 -113 -112 -112 -111 -112 -111 
HDOK	PLOK	17472	15	15	-110	6	11	2	33	-113 -113 -112 -112 -116 -118 -113 -109 -112 -111 -111 -113 -111 -111 -111 -110 -109 -111 -115 -108 -107 -110 -110 -115 -109 -108 -109 -110 -111 -109 -108 -108 -110 
HDOK	PLOK	17472	16	16	-111	4	11	2	33	-117 -112 -115 -112 -111 -110 -115 -112 -117 -111 -112 -113 -113 -113 -113 -112 -113 -112 -113 -112 -111 -111 -110 -115 -110 -111 -111 -112 -113 -112 -112 -113 -111 
HDOK	PLOK	17472	17	17	-110	4	11	2	33	-110 -109 -111 -110 -112 -117 -110 -109 -109 -109 -109 -111 -109 -109 -109 -111 -110 -111 -117 -110 -110 -111 -110 -117 -110 -111 -112 -111 -113 -111 -111 -112 -112 
HDOK	PLOK	17472	18	18	-108	6	11	2	33	-113 -107 -109 -107 -107 -113 -109 -106 -115 -107 -107 -107 -107 -106 -107 -107 -107 -107 -109 -107 -105 -107 -107 -115 -106 -106 -106 -109 -108 -108 -107 -117 -111 
HDOK	PLOK	17472	19	19	-110	5	11	2	33	-108 -109 -111 -109 -109 -117 -111 -108 -115 -109 -108 -110 -110 -110 -110 -110 -110 -111 -111 -110 -110 -110 -110 -117 -109 -108 -109 -113 -111 -109 -109 -110 -110 
HDOK	PLOK	17472	20	20	-109	5	11	2	33	-115 -110 -111 -110 -110 -115 -112 -110 -117 -108 -109 -110 -110 -110 -110 -111 -111 -112 -113 -112 -110 -112 -110 -117 -110 -112 -111 -111 -111 -110 -110 -109 -110 
HDOK	PLOK	17472	21	21	-108	7	11	2	33	-108 -108 -110 -108 -110 -115 -111 -109 -115 -108 -109 -110 -110 -108 -109 -109 -110 -110 -113 -109 -109 -110 -110 -115 -108 -107 -109 -108 -110 -108 -108 -115 -108 
HDOK	PLOK	17472	22	22	-109	6	11	2	33	-115 -112 -113 -110 -109 -115 -112 -108 -117 -108 -107 -109 -111 -107 -108 -107 -107 -110 -109 -108 -107 -109 -109 -117 -108 -108 -108 -111 -111 -109 -110 -109 -108 
HDOK	PLOK	17472	23	23	-110	5	11	2	33	-109 -110 -110 -109 -114 -116 -111 -109 -111 -110 -109 -111 -110 -109 -110 -111 -110 -112 -117 -110 -108 -110 -109 -115 -110 -109 -110 -111 -109 -111 -110 -117 -110 
HDOK	PLOK	17472	24	24	-110	5	11	2	33	-115 -109 -112 -111 -118 -110 -112 -109 -111 -111 -110 -112 -109 -111 -111 -111 -109 -113 -111 -109 -110 -112 -109 -112 -110 -110 -109 -110 -110 -110 -107 -109 -111 
HDOK	PLOK	17472	25	25	-109	7	11	2	33	-109 -109 -111 -109 -111 -110 -111 -109 -113 -110 -108 -109 -110 -109 -109 -110 -110 -110 -111 -111 -109 -110 -110 -115 -108 -107 -107 -112 -111 -109 -109 -113 -108 
HDOK	PLOK	17472	26	26	-109	6	11	2	33	-115 -110 -116 -110 -111 -109 -113 -109 -117 -108 -110 -110 -110 -108 -109 -109 -109 -110 -110 -109 -107 -109 -109 -115 -109 -108 -108 -110 -111 -109 -107 -110 -109 
HDOK	PLOK	17472	27	27	-110	5	11	2	33	-110 -110 -111 -111 -117 -110 -111 -109 -111 -110 -110 -112 -110 -109 -111 -111 -111 -113 -113 -110 -110 -111 -110 -113 -110 -109 -110 -111 -111 -110 -109 -117 -110 
HDOK	PLOK	17472	28	28	-110	5	11	2	33	-113 -111 -113 -110 -109 -109 -113 -111 -113 -111 -110 -111 -115 -111 -111 -112 -112 -112 -112 -111 -111 -110 -111 -117 -109 -108 -109 -112 -112 -110 -110 -112 -110 
HDOK	PLOK	17472	29	29	-111	4	11	2	33	-110 -109 -112 -110 -110 -110 -113 -109 -112 -110 -111 -112 -111 -111 -111 -112 -111 -113 -117 -111 -112 -111 -110 -118 -111 -111 -111 -109 -112 -111 -112 -110 -110 
HDOK	PLOK	17472	30	30	-110	5	11	2	33	-115 -110 -112 -109 -112 -109 -111 -110 -112 -111 -110 -112 -111 -111 -111 -112 -112 -113 -119 -112 -112 -113 -111 -115 -111 -109 -109 -110 -110 -109 -109 -117 -110 
HDOK	PLOK	17472	31	31	-110	4	11	2	33	-110 -110 -112 -109 -110 -110 -113 -110 -115 -110 -109 -110 -111 -110 -111 -110 -112 -111 -115 -111 -112 -113 -112 -117 -111 -109 -111 -111 -113 -112 -112 -111 -110 
HDOK	PLOK	17472	32	32	-108	6	11	2	33	-115 -109 -110 -109 -109 -108 -111 -109 -115 -110 -109 -110 -109 -108 -109 -109 -110 -112 -114 -110 -108 -110 -109 -115 -108 -109 -109 -111 -110 -108 -109 -113 -108 
HDOK	PLOK	17472	33	33	-111	5	11	2	33	-111 -112 -112 -112 -113 -112 -114 -113 -115 -113 -112 -113 -112 -111 -112 -112 -111 -113 -115 -111 -110 -112 -111 -117 -111 -111 -110 -112 -111 -110 -110 -110 -111 
HDOK	PLOK	17472	34	34	-109	6	11	2	33	-115 -108 -111 -109 -108 -107 -112 -108 -117 -110 -109 -111 -112 -110 -109 -110 -111 -112 -110 -110 -110 -110 -109 -115 -109 -110 -109 -110 -110 -110 -111 -109 -109 
HDOK	PLOK	17472	35	35	-110	5	11	2	33	-109 -109 -110 -110 -113 -110 -111 -109 -110 -109 -110 -112 -110 -110 -111 -111 -111 -111 -117 -110 -111 -112 -109 -117 -109 -109 -110 -110 -111 -111 -111 -110 -117 
HDOK	PLOK	17472	36	36	-110	5	11	2	33	-115 -111 -111 -110 -116 -110 -110 -109 -110 -109 -110 -112 -109 -110 -112 -111 -110 -113 -112 -110 -110 -113 -111 -115 -110 -111 -111 -111 -110 -110 -109 -110 -110 
HDOK	PLOK	17472	37	37	-109	5	11	2	33	-109 -109 -112 -110 -110 -109 -113 -110 -117 -110 -110 -110 -112 -109 -110 -109 -111 -112 -111 -110 -109 -110 -110 -117 -110 -110 -109 -112 -111 -110 -111 -112 -109 
HDOK	PLOK	17472	38	38	-110	5	11	2	33	-115 -109 -116 -110 -111 -110 -112 -110 -115 -109 -109 -108 -110 -111 -110 -110 -111 -113 -115 -111 -110 -111 -111 -117 -110 -109 -110 -110 -112 -109 -109 -109 -110 
HDOK	PLOK	17472	39	39	-110	5	11	2	33	-112 -109 -111 -110 -118 -111 -111 -110 -110 -101 -111 -112 -111 -110 -112 -112 -111 -113 -115 -110 -109 -112 -111 -115 -109 -110 -110 -110 -110 -110 -111 -112 -115 
HDOK	PLOK	17472	40	40	-110	5	11	2	33	-117 -110 -113 -110 -110 -110 -113 -110 -117 -110 -109 -111 -113 -109 -109 -109 -112 -111 -110 -111 -110 -111 -110 -115 -110 -108 -109 -113 -113 -110 -109 -112 -110 
HDOK	PLOK	17472	41	41	-119	-3	11	2	33	-111 -110 -112 -112 -118 -111 -113 -112 -112 -114 -116 -116 -115 -117 -118 -116 -116 -119 -117 -117 -117 -118 -116 -118 -115 -116 -114 -119 -115 -116 -118 -116 -115 
HDOK	PLOK	17472	42	42	-111	4	11	2	33	-115 -110 -112 -110 -113 -110 -112 -110 -112 -109 -110 -112 -111 -110 -110 -112 -110 -112 -115 -111 -111 -111 -111 -117 -110 -109 -112 -112 -111 -110 -110 -110 -113 
HDOK	PLOK	17472	43	43	-111	4	11	2	33	-111 -110 -113 -110 -111 -110 -111 -109 -115 -110 -108 -111 -113 -110 -109 -110 -111 -112 -110 -112 -112 -112 -112 -118 -113 -112 -113 -113 -113 -112 -113 -112 -110 
HDOK	PLOK	17472	44	44	-110	5	11	2	33	-115 -110 -113 -110 -111 -111 -115 -111 -113 -111 -110 -111 -113 -111 -109 -111 -112 -111 -110 -111 -110 -110 -110 -117 -109 -108 -111 -115 -112 -111 -112 -110 -109 
HDOK	PLOK	17472	45	45	-109	5	11	2	33	-110 -109 -111 -109 -111 -108 -112 -109 -113 -109 -110 -111 -110 -110 -109 -111 -111 -111 -115 -111 -111 -111 -109 -115 -109 -110 -110 -111 -111 -110 -111 -112 -110 
HDOK	PLOK	17472	46	46	-109	6	11	2	33	-115 -109 -111 -108 -109 -110 -111 -109 -117 -109 -108 -110 -111 -109 -110 -110 -110 -111 -111 -109 -109 -110 -108 -117 -108 -109 -101 -109 -111 -108 -108 -108 -110 
HDOK	PLOK	17472	47	47	-109	5	11	2	33	-109 -110 -111 -110 -117 -109 -111 -110 -110 -110 -110 -112 -110 -110 -111 -111 -109 -112 -117 -111 -110 -112 -109 -115 -110 -110 -109 -110 -110 -110 -110 -110 -109 
HDOK	PLOK	17472	48	48	-108	7	11	2	33	-112 -107 -109 -107 -108 -106 -109 -107 -111 -106 -107 -108 -108 -107 -107 -107 -107 -110 -112 -107 -107 -110 -109 -115 -108 -108 -109 -111 -109 -107 -108 -107 -107 
HDOK	PLOK	17472	49	49	-108	7	11	2	33	-108 -109 -109 -107 -111 -107 -109 -107 -108 -107 -107 -109 -107 -108 -107 -107 -108 -110 -117 -107 -107 -109 -107 -113 -107 -107 -107 -110 -109 -107 -108 -107 -115 
HDOK	HDOK	PLOK	17472	51	51	-108	6	11	2	33	-109 -109 -111 -110 -111 -109 -111 -109 -115 -107 -109 -109 -110 -108 -108 -109 -108 -110 -111 -108 -108 -111 -110 -115 -112 -109 -109 -109 -110 -109 -108 -115 -108 
HDOK	PLOK	17472	52	52	-108	7	11	2	33	-115 -109 -111 -108 -109 -108 -111 -109 -117 -108 -110 -110 -110 -109 -110 -110 -110 -110 -113 -109 -110 -110 -109 -117 -108 -107 -108 -111 -110 -108 -107 -113 -107 
