==========Continuous Reception Mode Start==========
HDOK	PLOK	17472	1	1	-111	3	11	2	33	-112 -107 -110 -107 -108 -112 -111 -108 -109 -107 -108 -110 -113 -111 -110 -109 -111 -110 -110 -113 -110 -111 -112 -114 -117 -110 -112 -117 -117 -115 -115 -113 -112 
HDOK	PLOK	17472	2	2	-109	6	11	2	33	-108 -110 -111 -109 -110 -115 -112 -110 -113 -110 -108 -109 -109 -110 -109 -110 -110 -110 -110 -110 -109 -110 -109 -117 -109 -109 -109 -112 -110 -109 -112 -107 -108 
HDOK	PLOK	17472	3	3	-106	6	11	2	33	-111 -105 -107 -105 -105 -113 -107 -105 -113 -105 -105 -105 -109 -106 -105 -106 -107 -107 -107 -107 -105 -107 -106 -113 -105 -106 -107 -109 -111 -107 -109 -108 -105 
HDOK	PLOK	17472	4	4	-109	5	11	2	33	-109 -110 -111 -110 -112 -115 -115 -111 -117 -111 -109 -110 -113 -112 -111 -112 -113 -113 -112 -113 -109 -110 -111 -115 -111 -110 -111 -110 -111 -111 -110 -108 -109 
HDOK	PLOK	17472	5	5	-108	6	11	2	33	-112 -108 -109 -109 -107 -112 -109 -106 -108 -106 -105 -105 -115 -105 -105 -106 -109 -106 -106 -107 -105 -105 -106 -111 -106 -107 -107 -113 -110 -117 -107 -108 -109 
HDOK	PLOK	17472	6	6	-108	7	11	2	33	-106 -104 -109 -106 -105 -107 -110 -106 -112 -107 -107 -107 -113 -107 -105 -107 -109 -108 -107 -107 -106 -108 -109 -115 -107 -108 -107 -111 -111 -107 -107 -107 -106 
HDOK	PLOK	17472	7	7	-108	7	11	2	33	-113 -107 -111 -108 -109 -115 -111 -107 -113 -107 -107 -108 -109 -107 -108 -108 -109 -109 -108 -109 -108 -109 -107 -115 -108 -107 -108 -108 -109 -108 -108 -108 -108 
HDOK	PLOK	17472	8	8	-107	7	11	2	33	-108 -107 -112 -107 -109 -112 -109 -107 -115 -106 -104 -107 -107 -107 -107 -109 -109 -108 -108 -108 -107 -107 -107 -115 -107 -106 -107 -108 -110 -106 -107 -109 -107 
HDOK	PLOK	17472	9	9	-109	5	11	2	33	-115 -108 -109 -107 -113 -115 -115 -106 -115 -118 -115 -118 -115 -114 -113 -115 -115 -114 -117 -113 -110 -111 -109 -115 -107 -107 -107 -109 -110 -109 -111 -109 -108 
HDOK	PLOK	17472	10	10	-109	5	11	2	33	-106 -107 -109 -106 -105 -112 -109 -106 -111 -106 -106 -107 -115 -107 -107 -107 -109 -109 -108 -110 -109 -110 -112 -117 -112 -109 -109 -113 -111 -110 -111 -110 -109 
HDOK	PLOK	17472	11	11	-106	7	11	2	33	-113 -106 -109 -106 -110 -113 -107 -105 -107 -105 -105 -107 -106 -106 -107 -107 -109 -109 -115 -108 -107 -107 -107 -115 -106 -106 -106 -107 -109 -105 -106 -108 -105 
HDOK	PLOK	17472	12	12	-106	6	11	2	33	-105 -105 -107 -106 -105 -113 -107 -106 -111 -105 -106 -107 -107 -106 -105 -107 -107 -108 -109 -106 -106 -106 -106 -113 -106 -105 -106 -107 -109 -107 -103 -105 -105 
HDOK	PLOK	17472	13	13	-111	3	11	2	33	-117 -112 -112 -110 -113 -117 -112 -111 -113 -110 -111 -112 -109 -111 -111 -111 -107 -111 -117 -111 -111 -111 -112 -119 -111 -112 -111 -115 -113 -112 -112 -113 -112 
HDOK	PLOK	17472	14	14	-110	5	11	2	33	-111 -110 -113 -110 -109 -115 -112 -110 -115 -111 -111 -112 -115 -111 -111 -110 -112 -112 -110 -111 -110 -111 -112 -115 -109 -110 -109 -112 -113 -111 -110 -110 -109 
HDOK	PLOK	17472	15	15	-111	3	11	2	33	-115 -110 -110 -107 -107 -112 -107 -106 -113 -106 -107 -107 -109 -107 -108 -107 -111 -111 -113 -113 -113 -116 -114 -119 -113 -113 -112 -113 -115 -112 -113 -117 -111 
HDOK	PLOK	17472	16	16	-104	8	11	2	33	-104 -105 -106 -106 -108 -112 -108 -107 -110 -108 -109 -111 -110 -109 -107 -107 -106 -106 -111 -104 -104 -105 -104 -112 -105 -104 -105 -106 -104 -103 -103 -101 -101 
HDOK	PLOK	17472	17	17	-107	7	11	2	33	-112 -106 -109 -107 -112 -115 -108 -107 -107 -107 -107 -109 -108 -105 -107 -108 -107 -110 -112 -107 -106 -108 -108 -112 -107 -106 -107 -107 -107 -106 -106 -113 -115 
HDOK	PLOK	17472	18	18	-108	7	11	2	33	-107 -107 -107 -107 -108 -113 -109 -107 -115 -107 -106 -107 -109 -107 -107 -108 -107 -108 -107 -108 -107 -108 -106 -115 -107 -107 -107 -110 -110 -108 -107 -108 -107 
HDOK	PLOK	17472	19	19	-107	8	11	2	33	-113 -107 -109 -106 -110 -113 -109 -106 -109 -107 -107 -108 -107 -107 -107 -108 -107 -109 -114 -109 -107 -108 -107 -113 -107 -107 -107 -107 -107 -107 -107 -107 -106 
HDOK	PLOK	17472	20	20	-107	7	11	2	33	-106 -107 -107 -106 -113 -113 -108 -107 -108 -107 -108 -110 -109 -108 -110 -110 -109 -112 -113 -108 -108 -109 -107 -112 -106 -107 -107 -107 -109 -107 -107 -111 -109 
HDOK	PLOK	17472	21	21	-107	6	11	2	33	-111 -105 -106 -104 -106 -112 -106 -104 -107 -105 -105 -105 -105 -106 -105 -106 -105 -107 -113 -106 -105 -105 -106 -112 -105 -105 -106 -107 -107 -106 -107 -106 -109 
HDOK	PLOK	17472	22	22	-107	7	11	2	33	-107 -107 -108 -105 -107 -115 -111 -107 -115 -106 -107 -107 -108 -106 -107 -107 -108 -108 -107 -107 -106 -107 -108 -115 -107 -107 -106 -111 -108 -107 -108 -113 -106 
HDOK	PLOK	17472	23	23	-108	7	11	2	33	-115 -107 -110 -107 -109 -107 -109 -107 -109 -107 -107 -109 -107 -107 -107 -107 -108 -110 -111 -107 -107 -108 -107 -115 -107 -107 -108 -110 -107 -107 -107 -107 -108 
HDOK	PLOK	17472	24	24	-108	7	11	2	33	-108 -107 -110 -107 -107 -107 -110 -107 -115 -107 -107 -109 -109 -107 -107 -107 -108 -108 -109 -108 -107 -108 -109 -115 -107 -107 -108 -110 -111 -108 -109 -111 -107 
HDOK	PLOK	17472	25	25	-108	7	11	2	33	-113 -107 -109 -105 -108 -108 -109 -107 -112 -107 -107 -109 -108 -108 -107 -107 -107 -110 -109 -108 -107 -108 -108 -115 -107 -107 -107 -108 -110 -108 -107 -108 -107 
HDOK	PLOK	17472	26	26	-107	7	11	2	33	-108 -108 -109 -108 -113 -107 -107 -107 -108 -107 -107 -105 -107 -107 -109 -108 -108 -110 -117 -107 -107 -109 -107 -113 -107 -107 -107 -107 -108 -107 -107 -113 -107 
HDOK	PLOK	17472	27	27	-108	7	11	2	33	-113 -107 -109 -107 -109 -107 -108 -106 -109 -107 -107 -108 -107 -107 -108 -107 -108 -109 -115 -108 -107 -109 -106 -113 -107 -106 -107 -108 -108 -107 -106 -117 -111 
HDOK	PLOK	17472	28	28	-107	7	11	2	33	-107 -107 -112 -107 -107 -107 -109 -106 -112 -107 -106 -108 -113 -107 -107 -107 -108 -109 -107 -110 -107 -107 -107 -115 -108 -107 -108 -111 -108 -107 -108 -108 -107 
HDOK	PLOK	17472	29	29	-107	7	11	2	33	-115 -107 -110 -108 -110 -107 -108 -106 -107 -106 -107 -108 -107 -107 -108 -108 -108 -111 -117 -109 -107 -108 -108 -112 -107 -107 -107 -107 -108 -107 -109 -113 -107 
HDOK	PLOK	17472	30	30	-108	7	11	2	33	-107 -108 -112 -107 -107 -108 -110 -107 -111 -107 -107 -108 -113 -108 -107 -108 -109 -109 -109 -109 -108 -109 -108 -113 -107 -107 -108 -110 -111 -110 -109 -109 -107 
HDOK	PLOK	17472	31	31	-107	7	11	2	33	-113 -107 -108 -107 -112 -108 -109 -107 -109 -108 -107 -110 -108 -107 -109 -109 -108 -111 -115 -108 -108 -109 -108 -115 -108 -108 -108 -109 -109 -107 -107 -112 -107 
HDOK	PLOK	17472	32	32	-108	7	11	2	33	-108 -108 -110 -107 -107 -107 -110 -107 -115 -107 -107 -108 -111 -107 -107 -108 -109 -110 -109 -108 -107 -108 -108 -117 -108 -108 -108 -111 -109 -108 -107 -107 -107 
HDOK	PLOK	17472	33	33	-111	2	11	2	33	-115 -112 -113 -111 -112 -112 -115 -113 -116 -116 -118 -118 -113 -114 -113 -113 -114 -113 -113 -115 -112 -113 -113 -117 -111 -110 -112 -111 -113 -113 -117 -114 -115 
HDOK	PLOK	17472	34	34	-111	4	11	2	33	-110 -111 -113 -111 -111 -112 -113 -112 -115 -112 -111 -111 -112 -111 -113 -112 -113 -113 -115 -113 -113 -113 -113 -118 -113 -113 -112 -111 -113 -111 -110 -109 -108 
HDOK	PLOK	17472	35	35	-106	7	11	2	33	-113 -106 -106 -107 -108 -108 -111 -109 -110 -107 -107 -108 -107 -107 -106 -106 -106 -107 -113 -104 -104 -106 -104 -111 -104 -104 -105 -106 -106 -106 -106 -106 -105 
HDOK	PLOK	17472	36	36	-107	7	11	2	33	-106 -107 -110 -107 -107 -108 -110 -107 -111 -107 -107 -107 -115 -107 -107 -107 -108 -109 -107 -107 -106 -106 -107 -113 -107 -106 -107 -111 -110 -109 -109 -108 -106 
HDOK	PLOK	17472	37	37	-106	7	11	2	33	-112 -105 -106 -105 -107 -105 -107 -105 -106 -104 -105 -106 -105 -105 -105 -106 -105 -107 -115 -106 -105 -106 -105 -112 -106 -106 -105 -105 -107 -106 -105 -106 -105 
HDOK	PLOK	17472	38	38	-106	7	11	2	33	-103 -103 -104 -104 -105 -104 -106 -105 -106 -105 -105 -106 -105 -106 -106 -106 -106 -108 -113 -106 -106 -107 -106 -111 -105 -105 -105 -106 -106 -105 -105 -104 -111 
HDOK	PLOK	17472	39	39	-109	6	11	2	33	-113 -108 -111 -110 -108 -109 -111 -109 -115 -108 -109 -109 -112 -108 -108 -108 -111 -111 -111 -111 -111 -111 -111 -116 -111 -111 -110 -112 -111 -110 -109 -111 -108 
HDOK	PLOK	17472	40	40	-107	6	11	2	33	-106 -105 -107 -106 -107 -105 -107 -105 -105 -106 -105 -108 -106 -106 -106 -106 -106 -107 -115 -106 -105 -107 -106 -113 -107 -106 -106 -109 -107 -106 -106 -105 -106 
HDOK	PLOK	17472	41	41	-109	5	11	2	33	-112 -110 -110 -107 -112 -107 -107 -107 -108 -107 -108 -110 -110 -110 -110 -110 -109 -111 -117 -112 -112 -113 -111 -115 -110 -108 -108 -108 -109 -108 -110 -110 -116 
HDOK	PLOK	17472	42	42	-108	7	11	2	33	-107 -107 -110 -107 -107 -107 -110 -107 -110 -107 -108 -109 -113 -108 -108 -107 -108 -109 -107 -109 -108 -108 -108 -115 -109 -108 -107 -109 -111 -107 -108 -106 -107 
HDOK	PLOK	17472	43	43	-108	7	11	2	33	-113 -107 -110 -107 -107 -107 -110 -108 -113 -107 -107 -109 -111 -107 -108 -107 -105 -106 -109 -108 -107 -108 -108 -115 -107 -107 -107 -112 -109 -109 -109 -107 -107 
HDOK	PLOK	17472	44	44	-107	7	11	2	33	-108 -106 -109 -106 -107 -107 -110 -108 -110 -107 -107 -107 -117 -107 -108 -109 -110 -108 -109 -110 -107 -108 -109 -113 -107 -107 -108 -113 -113 -107 -109 -108 -107 
HDOK	PLOK	17472	45	45	-108	6	11	2	33	-110 -107 -111 -107 -107 -106 -111 -107 -113 -107 -107 -109 -112 -108 -108 -109 -109 -109 -107 -107 -107 -108 -109 -115 -107 -107 -108 -109 -111 -108 -107 -107 -108 
HDOK	PLOK	17472	46	46	-108	7	11	2	33	-109 -108 -111 -107 -107 -107 -110 -107 -115 -107 -107 -108 -111 -109 -109 -109 -110 -110 -109 -109 -108 -108 -108 -113 -107 -107 -107 -108 -109 -108 -107 -107 -109 
HDOK	PLOK	17472	47	47	-111	3	11	2	33	-116 -112 -111 -110 -115 -110 -111 -107 -110 -109 -110 -111 -110 -110 -110 -112 -111 -113 -118 -111 -110 -112 -111 -115 -112 -112 -112 -113 -114 -113 -112 -112 -111 
HDOK	PLOK	17472	48	48	-107	6	11	2	33	-106 -107 -106 -106 -111 -106 -107 -105 -106 -105 -106 -106 -105 -105 -106 -106 -105 -107 -111 -106 -106 -107 -105 -109 -107 -106 -107 -109 -110 -107 -107 -112 -106 
HDOK	PLOK	17472	49	49	-105	7	11	2	33	-112 -105 -105 -104 -107 -104 -105 -103 -105 -103 -104 -105 -105 -104 -104 -105 -105 -106 -108 -105 -104 -105 -105 -112 -104 -104 -104 -105 -107 -104 -105 -106 -104 
HDOK	PLOK	17472	50	50	-105	7	11	2	33	-106 -107 -107 -106 -108 -106 -107 -106 -109 -106 -105 -107 -106 -106 -106 -106 -106 -107 -109 -106 -105 -107 -106 -113 -106 -105 -106 -106 -106 -106 -104 -112 -105 
